Setting to ternary3
5000 learning labels
GroupID:  0
0.00 0.00 0.00 0.00 0.00 0.00 0.00 0.00 0.00 0.00 0.00 0.00 0.00 0.00 0.00 0.00 0.00 0.00 0.00 0.00 0.00 0.00 0.00 0.00 0.00 0.00 0.00 0.00 

0.00 0.00 0.00 0.00 0.00 0.00 0.00 0.00 0.00 0.00 0.00 0.00 0.00 0.00 0.00 0.00 0.00 0.00 0.00 0.00 0.00 0.00 0.00 0.00 0.00 0.00 0.00 0.00 

0.00 0.00 0.00 0.00 0.00 0.00 0.00 0.00 0.00 0.00 0.00 0.00 0.00 0.00 0.00 0.00 0.00 0.00 0.00 0.00 0.00 0.00 0.00 0.00 0.00 0.00 0.00 0.00 

0.00 0.00 0.00 0.00 0.00 0.00 0.00 0.00 0.00 0.00 0.00 0.01 0.01 0.02 0.03 0.03 0.03 0.03 0.02 0.01 0.01 0.00 0.00 0.00 0.00 0.00 0.00 0.00 

0.00 0.00 0.00 0.00 0.00 0.00 0.00 0.00 0.01 0.02 0.04 0.10 0.18 0.25 0.33 0.37 0.37 0.37 0.32 0.24 0.16 0.10 0.05 0.02 0.01 0.00 0.00 0.00 

0.00 0.00 0.00 0.00 0.00 0.00 0.00 0.01 0.02 0.07 0.16 0.24 0.37 0.51 0.63 0.70 0.72 0.70 0.60 0.48 0.32 0.22 0.11 0.05 0.01 0.00 0.00 0.00 

0.00 0.00 0.00 0.00 0.01 0.01 0.01 0.02 0.06 0.17 0.29 0.40 0.55 0.68 0.77 0.84 0.86 0.84 0.76 0.66 0.50 0.33 0.20 0.08 0.02 0.00 0.00 0.00 

0.00 0.00 0.00 0.00 0.00 0.01 0.01 0.05 0.15 0.28 0.40 0.55 0.70 0.81 0.83 0.86 0.86 0.87 0.83 0.77 0.65 0.46 0.27 0.12 0.03 0.00 0.00 0.00 

0.00 0.00 0.00 0.00 0.00 0.01 0.04 0.10 0.23 0.38 0.57 0.69 0.77 0.80 0.77 0.74 0.71 0.74 0.78 0.80 0.71 0.60 0.39 0.18 0.06 0.00 0.00 0.00 

0.00 0.00 0.00 0.00 0.00 0.02 0.08 0.20 0.33 0.52 0.69 0.77 0.77 0.71 0.63 0.56 0.52 0.55 0.64 0.75 0.76 0.66 0.49 0.27 0.07 0.00 0.00 0.00 

0.00 0.00 0.00 0.00 0.00 0.05 0.13 0.29 0.47 0.66 0.77 0.77 0.69 0.58 0.47 0.35 0.31 0.37 0.48 0.65 0.76 0.72 0.58 0.34 0.09 0.00 0.00 0.00 

0.00 0.00 0.00 0.00 0.01 0.08 0.23 0.41 0.59 0.74 0.76 0.69 0.56 0.41 0.29 0.20 0.16 0.21 0.37 0.57 0.73 0.75 0.62 0.38 0.13 0.01 0.00 0.00 

0.00 0.00 0.00 0.00 0.01 0.15 0.33 0.52 0.71 0.78 0.72 0.57 0.40 0.25 0.13 0.07 0.07 0.14 0.28 0.50 0.70 0.75 0.65 0.42 0.15 0.01 0.00 0.00 

0.00 0.00 0.00 0.00 0.03 0.21 0.42 0.63 0.77 0.77 0.63 0.45 0.26 0.13 0.06 0.03 0.04 0.12 0.26 0.46 0.68 0.75 0.64 0.43 0.17 0.01 0.00 0.00 

0.00 0.00 0.00 0.00 0.05 0.29 0.53 0.72 0.79 0.71 0.52 0.32 0.15 0.06 0.02 0.02 0.04 0.14 0.28 0.49 0.68 0.73 0.62 0.42 0.16 0.00 0.00 0.00 

0.00 0.00 0.00 0.00 0.07 0.36 0.60 0.77 0.77 0.65 0.41 0.21 0.08 0.03 0.01 0.01 0.05 0.17 0.35 0.55 0.70 0.70 0.58 0.38 0.15 0.00 0.00 0.00 

0.00 0.00 0.00 0.00 0.10 0.41 0.66 0.80 0.76 0.57 0.33 0.13 0.06 0.02 0.01 0.05 0.12 0.26 0.46 0.62 0.71 0.66 0.52 0.32 0.12 0.00 0.00 0.00 

0.00 0.00 0.00 0.00 0.13 0.44 0.69 0.80 0.74 0.54 0.30 0.13 0.06 0.03 0.06 0.11 0.23 0.42 0.58 0.70 0.72 0.59 0.42 0.25 0.09 0.00 0.00 0.00 

0.00 0.00 0.00 0.00 0.15 0.44 0.69 0.81 0.75 0.53 0.32 0.18 0.12 0.11 0.16 0.27 0.43 0.59 0.68 0.73 0.65 0.49 0.33 0.16 0.06 0.00 0.00 0.00 

0.00 0.00 0.00 0.01 0.14 0.39 0.66 0.80 0.77 0.65 0.48 0.32 0.28 0.30 0.37 0.50 0.62 0.72 0.75 0.69 0.55 0.37 0.22 0.09 0.03 0.00 0.00 0.00 

0.00 0.00 0.00 0.01 0.11 0.33 0.57 0.76 0.82 0.78 0.71 0.60 0.58 0.59 0.64 0.71 0.77 0.79 0.72 0.55 0.39 0.26 0.12 0.05 0.01 0.00 0.00 0.00 

0.00 0.00 0.00 0.00 0.07 0.24 0.46 0.67 0.81 0.87 0.87 0.85 0.81 0.80 0.81 0.84 0.81 0.71 0.55 0.39 0.24 0.12 0.06 0.02 0.01 0.00 0.00 0.00 

0.00 0.00 0.00 0.00 0.04 0.15 0.30 0.50 0.66 0.79 0.86 0.89 0.89 0.87 0.83 0.77 0.62 0.48 0.33 0.21 0.12 0.06 0.02 0.01 0.00 0.00 0.00 0.00 

0.00 0.00 0.00 0.00 0.01 0.05 0.13 0.25 0.41 0.55 0.67 0.71 0.71 0.68 0.59 0.47 0.35 0.21 0.13 0.07 0.03 0.01 0.01 0.00 0.00 0.00 0.00 0.00 

0.00 0.00 0.00 0.00 0.01 0.01 0.02 0.03 0.06 0.10 0.14 0.17 0.18 0.17 0.15 0.12 0.07 0.04 0.02 0.01 0.01 0.01 0.00 0.00 0.00 0.00 0.00 0.00 

0.00 0.00 0.00 0.00 0.00 0.00 0.00 0.00 0.00 0.00 0.01 0.01 0.01 0.01 0.01 0.01 0.00 0.00 0.00 0.00 0.00 0.00 0.00 0.00 0.00 0.00 0.00 0.00 

0.00 0.00 0.00 0.00 0.00 0.00 0.00 0.00 0.00 0.00 0.00 0.00 0.00 0.00 0.00 0.00 0.00 0.00 0.00 0.00 0.00 0.00 0.00 0.00 0.00 0.00 0.00 0.00 

0.00 0.00 0.00 0.00 0.00 0.00 0.00 0.00 0.00 0.00 0.00 0.00 0.00 0.00 0.00 0.00 0.00 0.00 0.00 0.00 0.00 0.00 0.00 0.00 0.00 0.00 0.00 0.00 

GroupID:  1
0.00 0.00 0.00 0.00 0.00 0.00 0.00 0.00 0.00 0.00 0.00 0.00 0.00 0.00 0.00 0.00 0.00 0.00 0.00 0.00 0.00 0.00 0.00 0.00 0.00 0.00 0.00 0.00 

0.00 0.00 0.00 0.00 0.00 0.00 0.00 0.00 0.00 0.00 0.00 0.00 0.00 0.00 0.00 0.00 0.00 0.00 0.00 0.00 0.00 0.00 0.00 0.00 0.00 0.00 0.00 0.00 

0.00 0.00 0.00 0.00 0.00 0.00 0.00 0.00 0.00 0.00 0.00 0.00 0.00 0.00 0.00 0.00 0.00 0.00 0.00 0.00 0.00 0.00 0.00 0.00 0.00 0.00 0.00 0.00 

0.00 0.00 0.00 0.00 0.00 0.00 0.00 0.00 0.00 0.00 0.00 0.00 0.00 0.01 0.01 0.02 0.01 0.01 0.01 0.01 0.01 0.00 0.00 0.00 0.00 0.00 0.00 0.00 

0.00 0.00 0.00 0.00 0.00 0.00 0.00 0.00 0.00 0.00 0.01 0.04 0.08 0.15 0.20 0.22 0.20 0.22 0.22 0.19 0.12 0.06 0.02 0.00 0.00 0.00 0.00 0.00 

0.00 0.00 0.00 0.00 0.00 0.00 0.00 0.01 0.01 0.01 0.03 0.06 0.13 0.26 0.35 0.40 0.42 0.43 0.41 0.33 0.20 0.10 0.04 0.01 0.00 0.00 0.00 0.00 

0.00 0.00 0.00 0.00 0.00 0.00 0.00 0.01 0.01 0.01 0.03 0.07 0.15 0.29 0.42 0.49 0.52 0.51 0.46 0.36 0.20 0.09 0.03 0.01 0.00 0.00 0.00 0.00 

0.00 0.00 0.00 0.00 0.00 0.00 0.01 0.01 0.01 0.01 0.03 0.07 0.16 0.31 0.47 0.57 0.60 0.55 0.46 0.32 0.15 0.06 0.02 0.01 0.00 0.00 0.00 0.00 

0.00 0.00 0.00 0.00 0.00 0.00 0.00 0.01 0.01 0.01 0.02 0.07 0.16 0.33 0.53 0.67 0.69 0.56 0.44 0.25 0.09 0.03 0.01 0.00 0.00 0.00 0.00 0.00 

0.00 0.00 0.00 0.00 0.00 0.00 0.00 0.00 0.01 0.01 0.02 0.06 0.16 0.37 0.62 0.78 0.72 0.54 0.36 0.18 0.05 0.01 0.00 0.00 0.00 0.00 0.00 0.00 

0.00 0.00 0.00 0.00 0.00 0.00 0.00 0.00 0.01 0.01 0.02 0.05 0.17 0.42 0.74 0.87 0.74 0.50 0.28 0.10 0.02 0.00 0.00 0.00 0.00 0.00 0.00 0.00 

0.00 0.00 0.00 0.00 0.00 0.00 0.00 0.01 0.01 0.01 0.02 0.04 0.17 0.52 0.85 0.92 0.72 0.42 0.17 0.03 0.00 0.00 0.00 0.00 0.00 0.00 0.00 0.00 

0.00 0.00 0.00 0.00 0.00 0.00 0.01 0.01 0.01 0.01 0.01 0.03 0.21 0.65 0.94 0.94 0.68 0.32 0.08 0.01 0.00 0.00 0.00 0.00 0.00 0.00 0.00 0.00 

0.00 0.00 0.00 0.00 0.00 0.00 0.00 0.00 0.01 0.01 0.01 0.04 0.30 0.81 0.98 0.93 0.61 0.20 0.03 0.00 0.00 0.00 0.00 0.00 0.00 0.00 0.00 0.00 

0.00 0.00 0.00 0.00 0.00 0.00 0.00 0.00 0.00 0.01 0.02 0.09 0.44 0.90 0.99 0.89 0.43 0.10 0.01 0.00 0.00 0.00 0.00 0.00 0.00 0.00 0.00 0.00 

0.00 0.00 0.00 0.00 0.00 0.00 0.00 0.00 0.00 0.01 0.02 0.18 0.58 0.92 0.98 0.81 0.31 0.05 0.01 0.00 0.00 0.00 0.00 0.00 0.00 0.00 0.00 0.00 

0.00 0.00 0.00 0.00 0.00 0.00 0.00 0.00 0.00 0.01 0.08 0.31 0.66 0.93 0.94 0.69 0.22 0.04 0.01 0.01 0.00 0.00 0.00 0.00 0.00 0.00 0.00 0.00 

0.00 0.00 0.00 0.00 0.00 0.00 0.00 0.00 0.01 0.04 0.19 0.42 0.70 0.91 0.85 0.51 0.18 0.03 0.01 0.01 0.00 0.00 0.00 0.00 0.00 0.00 0.00 0.00 

0.00 0.00 0.00 0.00 0.00 0.00 0.00 0.01 0.02 0.10 0.29 0.51 0.73 0.86 0.74 0.40 0.18 0.05 0.02 0.01 0.01 0.01 0.00 0.00 0.00 0.00 0.00 0.00 

0.00 0.00 0.00 0.00 0.00 0.00 0.00 0.02 0.07 0.20 0.37 0.56 0.71 0.77 0.60 0.37 0.18 0.05 0.03 0.02 0.01 0.01 0.01 0.00 0.00 0.00 0.00 0.00 

0.00 0.00 0.00 0.00 0.00 0.00 0.02 0.05 0.14 0.29 0.44 0.57 0.66 0.66 0.51 0.35 0.19 0.06 0.03 0.02 0.01 0.01 0.01 0.00 0.01 0.01 0.00 0.00 

0.00 0.00 0.00 0.00 0.00 0.00 0.03 0.08 0.20 0.35 0.47 0.56 0.60 0.57 0.45 0.33 0.20 0.08 0.03 0.01 0.01 0.01 0.00 0.00 0.00 0.00 0.00 0.00 

0.00 0.00 0.00 0.00 0.00 0.01 0.03 0.11 0.24 0.37 0.47 0.51 0.51 0.48 0.42 0.32 0.20 0.08 0.04 0.01 0.01 0.00 0.00 0.00 0.00 0.00 0.00 0.00 

0.00 0.00 0.00 0.00 0.00 0.01 0.03 0.10 0.22 0.34 0.40 0.40 0.39 0.39 0.37 0.26 0.16 0.08 0.03 0.01 0.01 0.00 0.00 0.00 0.00 0.00 0.00 0.00 

0.00 0.00 0.00 0.00 0.00 0.00 0.01 0.03 0.06 0.10 0.13 0.13 0.12 0.12 0.12 0.08 0.05 0.02 0.01 0.00 0.00 0.00 0.00 0.00 0.00 0.00 0.00 0.00 

0.00 0.00 0.00 0.00 0.00 0.00 0.00 0.00 0.00 0.01 0.01 0.00 0.00 0.01 0.01 0.00 0.00 0.00 0.00 0.00 0.00 0.00 0.00 0.00 0.00 0.00 0.00 0.00 

0.00 0.00 0.00 0.00 0.00 0.00 0.00 0.00 0.00 0.00 0.00 0.00 0.00 0.00 0.00 0.00 0.00 0.00 0.00 0.00 0.00 0.00 0.00 0.00 0.00 0.00 0.00 0.00 

0.00 0.00 0.00 0.00 0.00 0.00 0.00 0.00 0.00 0.00 0.00 0.00 0.00 0.00 0.00 0.00 0.00 0.00 0.00 0.00 0.00 0.00 0.00 0.00 0.00 0.00 0.00 0.00 

GroupID:  2
0.00 0.00 0.00 0.00 0.00 0.00 0.00 0.00 0.00 0.00 0.00 0.00 0.00 0.00 0.00 0.00 0.00 0.00 0.00 0.00 0.00 0.00 0.00 0.00 0.00 0.00 0.00 0.00 

0.00 0.00 0.00 0.00 0.00 0.00 0.00 0.00 0.00 0.00 0.00 0.00 0.00 0.00 0.00 0.01 0.01 0.00 0.00 0.00 0.00 0.00 0.00 0.00 0.00 0.00 0.00 0.00 

0.00 0.00 0.00 0.00 0.00 0.00 0.00 0.00 0.00 0.01 0.01 0.01 0.02 0.02 0.02 0.02 0.02 0.02 0.01 0.01 0.00 0.00 0.00 0.00 0.00 0.00 0.00 0.00 

0.00 0.00 0.00 0.00 0.00 0.00 0.01 0.02 0.04 0.07 0.10 0.14 0.18 0.21 0.23 0.24 0.20 0.16 0.11 0.07 0.04 0.02 0.01 0.00 0.00 0.00 0.00 0.00 

0.00 0.00 0.00 0.00 0.00 0.02 0.03 0.06 0.11 0.19 0.26 0.35 0.43 0.51 0.54 0.54 0.51 0.43 0.31 0.21 0.12 0.07 0.03 0.00 0.00 0.00 0.00 0.00 

0.00 0.00 0.00 0.00 0.01 0.03 0.06 0.12 0.21 0.31 0.42 0.53 0.61 0.69 0.72 0.73 0.69 0.64 0.51 0.37 0.25 0.15 0.07 0.02 0.00 0.00 0.00 0.00 

0.00 0.00 0.00 0.00 0.01 0.04 0.09 0.16 0.28 0.39 0.51 0.60 0.65 0.69 0.71 0.72 0.72 0.70 0.61 0.48 0.33 0.22 0.11 0.03 0.00 0.00 0.00 0.00 

0.00 0.00 0.00 0.01 0.02 0.06 0.11 0.19 0.29 0.40 0.50 0.56 0.58 0.58 0.55 0.58 0.62 0.66 0.61 0.52 0.40 0.25 0.14 0.05 0.00 0.00 0.00 0.00 

0.00 0.00 0.00 0.01 0.03 0.07 0.10 0.18 0.25 0.34 0.39 0.40 0.40 0.40 0.39 0.42 0.49 0.59 0.60 0.54 0.43 0.28 0.15 0.05 0.00 0.00 0.00 0.00 

0.00 0.00 0.00 0.01 0.03 0.06 0.10 0.14 0.18 0.23 0.26 0.27 0.27 0.25 0.27 0.33 0.44 0.55 0.59 0.54 0.44 0.27 0.16 0.05 0.01 0.00 0.00 0.00 

0.00 0.00 0.00 0.00 0.01 0.04 0.07 0.08 0.11 0.14 0.15 0.16 0.14 0.13 0.20 0.29 0.43 0.55 0.59 0.54 0.43 0.26 0.15 0.04 0.01 0.00 0.00 0.00 

0.00 0.00 0.00 0.00 0.01 0.03 0.04 0.05 0.06 0.07 0.08 0.09 0.09 0.11 0.20 0.32 0.46 0.56 0.59 0.53 0.41 0.24 0.12 0.03 0.01 0.01 0.00 0.00 

0.00 0.00 0.00 0.00 0.01 0.02 0.02 0.03 0.04 0.06 0.07 0.08 0.10 0.17 0.27 0.39 0.52 0.59 0.59 0.50 0.36 0.21 0.10 0.03 0.02 0.01 0.00 0.00 

0.00 0.00 0.00 0.00 0.01 0.02 0.02 0.04 0.07 0.10 0.12 0.17 0.22 0.29 0.39 0.50 0.60 0.64 0.58 0.46 0.30 0.17 0.08 0.04 0.02 0.01 0.00 0.00 

0.00 0.00 0.00 0.00 0.01 0.03 0.05 0.11 0.18 0.26 0.30 0.37 0.45 0.54 0.59 0.65 0.67 0.64 0.54 0.41 0.25 0.15 0.07 0.05 0.03 0.01 0.00 0.00 

0.00 0.00 0.00 0.01 0.02 0.07 0.14 0.26 0.36 0.43 0.51 0.59 0.67 0.73 0.74 0.74 0.69 0.63 0.52 0.39 0.26 0.16 0.11 0.08 0.05 0.02 0.01 0.00 

0.00 0.00 0.00 0.02 0.05 0.15 0.27 0.40 0.50 0.58 0.63 0.72 0.78 0.80 0.81 0.77 0.71 0.62 0.52 0.41 0.30 0.23 0.18 0.13 0.09 0.04 0.01 0.00 

0.00 0.00 0.00 0.03 0.10 0.24 0.40 0.51 0.58 0.63 0.68 0.72 0.76 0.80 0.78 0.75 0.71 0.62 0.56 0.46 0.39 0.33 0.26 0.19 0.14 0.06 0.01 0.00 

0.00 0.00 0.00 0.04 0.14 0.31 0.47 0.57 0.62 0.66 0.69 0.71 0.76 0.77 0.75 0.72 0.67 0.63 0.57 0.52 0.45 0.38 0.33 0.25 0.15 0.06 0.01 0.00 

0.00 0.00 0.00 0.05 0.18 0.34 0.51 0.60 0.65 0.71 0.73 0.77 0.77 0.75 0.73 0.65 0.62 0.58 0.56 0.52 0.47 0.41 0.32 0.22 0.15 0.05 0.01 0.00 

0.00 0.00 0.00 0.05 0.18 0.34 0.49 0.60 0.69 0.74 0.77 0.78 0.75 0.69 0.60 0.54 0.52 0.51 0.50 0.49 0.46 0.37 0.29 0.20 0.12 0.04 0.01 0.00 

0.00 0.00 0.00 0.04 0.14 0.27 0.41 0.54 0.61 0.70 0.71 0.68 0.61 0.53 0.44 0.38 0.36 0.37 0.37 0.38 0.35 0.29 0.20 0.14 0.08 0.03 0.01 0.00 

0.00 0.00 0.00 0.02 0.06 0.16 0.26 0.38 0.46 0.51 0.52 0.48 0.40 0.32 0.26 0.23 0.22 0.23 0.23 0.22 0.20 0.17 0.12 0.07 0.04 0.02 0.01 0.00 

0.00 0.00 0.00 0.01 0.02 0.06 0.10 0.14 0.17 0.18 0.18 0.18 0.15 0.12 0.09 0.09 0.09 0.09 0.10 0.08 0.07 0.05 0.04 0.02 0.01 0.01 0.00 0.00 

0.00 0.00 0.00 0.00 0.01 0.01 0.02 0.03 0.02 0.02 0.02 0.02 0.02 0.02 0.02 0.02 0.02 0.02 0.02 0.02 0.02 0.01 0.01 0.01 0.00 0.00 0.00 0.00 

0.00 0.00 0.00 0.00 0.00 0.00 0.00 0.00 0.00 0.00 0.00 0.00 0.00 0.00 0.00 0.00 0.00 0.00 0.00 0.00 0.00 0.00 0.00 0.00 0.00 0.00 0.00 0.00 

0.00 0.00 0.00 0.00 0.00 0.00 0.00 0.00 0.00 0.00 0.00 0.00 0.00 0.00 0.00 0.00 0.00 0.00 0.00 0.00 0.00 0.00 0.00 0.00 0.00 0.00 0.00 0.00 

0.00 0.00 0.00 0.00 0.00 0.00 0.00 0.00 0.00 0.00 0.00 0.00 0.00 0.00 0.00 0.00 0.00 0.00 0.00 0.00 0.00 0.00 0.00 0.00 0.00 0.00 0.00 0.00 

GroupID:  3
0.00 0.00 0.00 0.00 0.00 0.00 0.00 0.00 0.00 0.00 0.00 0.00 0.00 0.00 0.00 0.00 0.00 0.00 0.00 0.00 0.00 0.00 0.00 0.00 0.00 0.00 0.00 0.00 

0.00 0.00 0.00 0.00 0.00 0.00 0.00 0.00 0.00 0.00 0.00 0.00 0.00 0.00 0.00 0.00 0.00 0.00 0.00 0.00 0.00 0.00 0.00 0.00 0.00 0.00 0.00 0.00 

0.00 0.00 0.00 0.00 0.00 0.00 0.00 0.00 0.00 0.00 0.00 0.00 0.00 0.00 0.00 0.00 0.00 0.00 0.00 0.00 0.00 0.00 0.00 0.00 0.00 0.00 0.00 0.00 

0.00 0.00 0.00 0.00 0.00 0.00 0.00 0.00 0.01 0.01 0.01 0.02 0.02 0.03 0.03 0.03 0.03 0.03 0.01 0.01 0.01 0.00 0.00 0.00 0.00 0.00 0.00 0.00 

0.00 0.00 0.00 0.00 0.01 0.01 0.02 0.05 0.07 0.11 0.19 0.25 0.31 0.35 0.37 0.36 0.32 0.27 0.19 0.13 0.06 0.03 0.01 0.01 0.00 0.00 0.00 0.00 

0.00 0.00 0.00 0.01 0.02 0.05 0.08 0.14 0.23 0.33 0.47 0.57 0.65 0.71 0.74 0.73 0.67 0.56 0.46 0.34 0.21 0.10 0.04 0.01 0.00 0.00 0.00 0.00 

0.00 0.00 0.00 0.02 0.04 0.08 0.16 0.26 0.37 0.49 0.65 0.74 0.79 0.83 0.85 0.86 0.83 0.74 0.61 0.49 0.34 0.19 0.09 0.02 0.00 0.00 0.00 0.00 

0.00 0.00 0.00 0.02 0.05 0.10 0.18 0.28 0.40 0.51 0.58 0.64 0.66 0.66 0.70 0.74 0.74 0.75 0.68 0.58 0.42 0.23 0.11 0.04 0.00 0.00 0.00 0.00 

0.00 0.00 0.00 0.02 0.06 0.09 0.16 0.22 0.30 0.37 0.40 0.40 0.39 0.39 0.43 0.53 0.63 0.67 0.66 0.58 0.42 0.23 0.11 0.04 0.00 0.00 0.00 0.00 

0.00 0.00 0.00 0.02 0.03 0.07 0.12 0.14 0.18 0.21 0.22 0.22 0.25 0.28 0.36 0.49 0.63 0.70 0.67 0.54 0.38 0.20 0.08 0.03 0.00 0.00 0.00 0.00 

0.00 0.00 0.00 0.01 0.02 0.03 0.06 0.07 0.10 0.12 0.15 0.18 0.25 0.35 0.48 0.63 0.74 0.73 0.63 0.45 0.29 0.14 0.06 0.02 0.00 0.00 0.00 0.00 

0.00 0.00 0.00 0.00 0.01 0.02 0.03 0.04 0.07 0.13 0.21 0.32 0.45 0.58 0.72 0.79 0.81 0.72 0.54 0.35 0.20 0.08 0.03 0.01 0.00 0.00 0.00 0.00 

0.00 0.00 0.00 0.00 0.01 0.01 0.02 0.04 0.10 0.20 0.34 0.52 0.67 0.77 0.85 0.86 0.81 0.67 0.47 0.28 0.14 0.05 0.02 0.01 0.00 0.00 0.00 0.00 

0.00 0.00 0.00 0.00 0.01 0.01 0.02 0.07 0.15 0.28 0.47 0.65 0.77 0.84 0.86 0.85 0.80 0.70 0.49 0.32 0.16 0.06 0.02 0.01 0.00 0.00 0.00 0.00 

0.00 0.00 0.00 0.00 0.01 0.01 0.03 0.07 0.16 0.32 0.46 0.62 0.70 0.74 0.75 0.76 0.75 0.72 0.59 0.40 0.24 0.10 0.04 0.01 0.00 0.00 0.00 0.00 

0.00 0.00 0.00 0.00 0.01 0.01 0.03 0.06 0.13 0.24 0.35 0.44 0.49 0.51 0.53 0.56 0.65 0.70 0.67 0.54 0.32 0.17 0.06 0.02 0.00 0.00 0.00 0.00 

0.00 0.00 0.01 0.01 0.02 0.04 0.04 0.06 0.09 0.14 0.19 0.21 0.22 0.24 0.29 0.37 0.51 0.66 0.69 0.59 0.39 0.22 0.09 0.03 0.00 0.00 0.00 0.00 

0.00 0.00 0.01 0.03 0.06 0.09 0.08 0.08 0.09 0.09 0.08 0.08 0.09 0.10 0.16 0.30 0.45 0.59 0.68 0.62 0.42 0.24 0.12 0.04 0.00 0.00 0.00 0.00 

0.00 0.00 0.01 0.05 0.12 0.16 0.18 0.18 0.14 0.10 0.08 0.07 0.06 0.09 0.16 0.30 0.47 0.58 0.65 0.60 0.41 0.25 0.13 0.04 0.00 0.00 0.00 0.00 

0.00 0.00 0.01 0.07 0.19 0.26 0.32 0.32 0.25 0.18 0.14 0.11 0.12 0.17 0.27 0.42 0.56 0.64 0.65 0.56 0.40 0.24 0.12 0.03 0.00 0.00 0.00 0.00 

0.00 0.00 0.02 0.09 0.21 0.33 0.43 0.46 0.44 0.37 0.33 0.31 0.33 0.41 0.52 0.63 0.70 0.71 0.63 0.48 0.34 0.20 0.10 0.03 0.00 0.00 0.00 0.00 

0.00 0.00 0.02 0.07 0.19 0.30 0.47 0.56 0.61 0.62 0.62 0.60 0.62 0.68 0.74 0.79 0.76 0.68 0.53 0.39 0.26 0.14 0.06 0.02 0.00 0.00 0.00 0.00 

0.00 0.00 0.01 0.05 0.13 0.24 0.40 0.53 0.65 0.72 0.77 0.81 0.84 0.84 0.83 0.78 0.67 0.53 0.38 0.26 0.14 0.07 0.03 0.01 0.00 0.00 0.00 0.00 

0.00 0.00 0.01 0.03 0.08 0.14 0.25 0.38 0.51 0.64 0.72 0.77 0.78 0.76 0.68 0.56 0.45 0.31 0.19 0.12 0.06 0.02 0.01 0.00 0.00 0.00 0.00 0.00 

0.00 0.00 0.00 0.01 0.03 0.06 0.09 0.16 0.20 0.25 0.29 0.33 0.34 0.32 0.26 0.21 0.14 0.09 0.05 0.02 0.01 0.01 0.01 0.00 0.00 0.00 0.00 0.00 

0.00 0.00 0.00 0.00 0.01 0.01 0.02 0.03 0.04 0.04 0.04 0.05 0.05 0.05 0.04 0.02 0.01 0.01 0.01 0.01 0.01 0.00 0.00 0.00 0.00 0.00 0.00 0.00 

0.00 0.00 0.00 0.00 0.00 0.00 0.00 0.00 0.00 0.00 0.00 0.00 0.01 0.01 0.01 0.01 0.00 0.00 0.00 0.00 0.00 0.00 0.00 0.00 0.00 0.00 0.00 0.00 

0.00 0.00 0.00 0.00 0.00 0.00 0.00 0.00 0.00 0.00 0.00 0.00 0.00 0.00 0.00 0.00 0.00 0.00 0.00 0.00 0.00 0.00 0.00 0.00 0.00 0.00 0.00 0.00 

GroupID:  4
0.00 0.00 0.00 0.00 0.00 0.00 0.00 0.00 0.00 0.00 0.00 0.00 0.00 0.00 0.00 0.00 0.00 0.00 0.00 0.00 0.00 0.00 0.00 0.00 0.00 0.00 0.00 0.00 

0.00 0.00 0.00 0.00 0.00 0.00 0.00 0.00 0.00 0.00 0.00 0.00 0.00 0.00 0.00 0.00 0.00 0.00 0.00 0.00 0.00 0.00 0.00 0.00 0.00 0.00 0.00 0.00 

0.00 0.00 0.00 0.00 0.00 0.00 0.00 0.00 0.00 0.00 0.00 0.00 0.00 0.00 0.00 0.00 0.00 0.00 0.00 0.00 0.00 0.00 0.00 0.00 0.00 0.00 0.00 0.00 

0.00 0.00 0.00 0.00 0.00 0.00 0.00 0.00 0.00 0.00 0.00 0.00 0.00 0.00 0.00 0.01 0.01 0.00 0.00 0.01 0.01 0.01 0.01 0.00 0.00 0.00 0.00 0.00 

0.00 0.00 0.00 0.00 0.00 0.01 0.01 0.01 0.02 0.02 0.02 0.02 0.03 0.02 0.02 0.03 0.03 0.05 0.06 0.07 0.08 0.05 0.04 0.02 0.01 0.00 0.00 0.00 

0.00 0.00 0.00 0.00 0.01 0.01 0.03 0.05 0.06 0.09 0.11 0.11 0.12 0.10 0.08 0.07 0.12 0.15 0.19 0.22 0.22 0.17 0.15 0.10 0.06 0.01 0.00 0.00 

0.00 0.00 0.00 0.00 0.01 0.03 0.05 0.08 0.13 0.18 0.22 0.24 0.24 0.19 0.14 0.13 0.18 0.25 0.32 0.36 0.35 0.29 0.22 0.14 0.08 0.02 0.00 0.00 

0.00 0.00 0.00 0.01 0.02 0.04 0.08 0.12 0.20 0.29 0.34 0.36 0.34 0.27 0.19 0.17 0.23 0.32 0.41 0.46 0.41 0.34 0.24 0.13 0.07 0.02 0.01 0.00 

0.00 0.00 0.00 0.01 0.03 0.05 0.10 0.17 0.26 0.36 0.44 0.45 0.42 0.30 0.20 0.18 0.26 0.39 0.50 0.52 0.46 0.36 0.22 0.13 0.05 0.01 0.01 0.00 

0.00 0.00 0.00 0.01 0.03 0.06 0.11 0.21 0.32 0.45 0.51 0.51 0.44 0.29 0.18 0.17 0.29 0.47 0.57 0.59 0.48 0.32 0.19 0.09 0.02 0.01 0.00 0.00 

0.00 0.00 0.00 0.01 0.03 0.07 0.14 0.26 0.41 0.55 0.61 0.55 0.40 0.23 0.11 0.17 0.34 0.55 0.65 0.63 0.47 0.27 0.14 0.05 0.01 0.00 0.00 0.00 

0.00 0.00 0.00 0.01 0.04 0.08 0.17 0.36 0.52 0.66 0.66 0.50 0.33 0.16 0.10 0.20 0.43 0.64 0.72 0.63 0.43 0.22 0.10 0.03 0.01 0.00 0.00 0.00 

0.00 0.00 0.00 0.01 0.04 0.11 0.23 0.44 0.61 0.74 0.65 0.46 0.26 0.14 0.15 0.27 0.54 0.73 0.76 0.61 0.38 0.18 0.08 0.03 0.01 0.00 0.00 0.00 

0.00 0.00 0.00 0.01 0.04 0.13 0.31 0.54 0.71 0.79 0.67 0.48 0.30 0.27 0.30 0.45 0.70 0.83 0.80 0.60 0.39 0.20 0.11 0.05 0.02 0.00 0.00 0.00 

0.00 0.00 0.00 0.01 0.05 0.18 0.39 0.61 0.76 0.82 0.77 0.64 0.54 0.51 0.53 0.67 0.84 0.89 0.80 0.61 0.41 0.24 0.14 0.07 0.03 0.00 0.00 0.00 

0.00 0.00 0.00 0.01 0.05 0.20 0.42 0.63 0.76 0.81 0.82 0.80 0.77 0.75 0.77 0.83 0.90 0.90 0.77 0.58 0.36 0.22 0.13 0.06 0.02 0.00 0.00 0.00 

0.00 0.00 0.00 0.01 0.05 0.18 0.38 0.54 0.66 0.73 0.76 0.76 0.75 0.76 0.80 0.85 0.91 0.86 0.70 0.49 0.30 0.18 0.09 0.04 0.02 0.00 0.00 0.00 

0.00 0.00 0.00 0.00 0.02 0.13 0.25 0.37 0.45 0.49 0.51 0.53 0.53 0.59 0.68 0.77 0.81 0.73 0.54 0.35 0.21 0.12 0.05 0.02 0.01 0.00 0.00 0.00 

0.00 0.00 0.00 0.00 0.01 0.06 0.12 0.18 0.21 0.24 0.25 0.27 0.33 0.44 0.57 0.68 0.67 0.58 0.37 0.24 0.14 0.08 0.03 0.01 0.00 0.00 0.00 0.00 

0.00 0.00 0.00 0.00 0.00 0.02 0.05 0.06 0.07 0.08 0.10 0.14 0.26 0.39 0.51 0.58 0.57 0.46 0.31 0.20 0.11 0.06 0.03 0.01 0.00 0.00 0.00 0.00 

0.00 0.00 0.00 0.00 0.00 0.01 0.02 0.02 0.03 0.04 0.07 0.16 0.26 0.39 0.48 0.50 0.49 0.39 0.28 0.19 0.11 0.06 0.03 0.01 0.00 0.00 0.00 0.00 

0.00 0.00 0.00 0.00 0.00 0.00 0.00 0.01 0.02 0.04 0.09 0.18 0.29 0.38 0.42 0.43 0.43 0.34 0.26 0.19 0.12 0.07 0.03 0.01 0.01 0.00 0.00 0.00 

0.00 0.00 0.00 0.00 0.00 0.00 0.00 0.01 0.02 0.06 0.13 0.21 0.30 0.37 0.38 0.38 0.36 0.32 0.25 0.19 0.11 0.07 0.04 0.02 0.01 0.00 0.00 0.00 

0.00 0.00 0.00 0.00 0.00 0.00 0.01 0.01 0.03 0.08 0.14 0.22 0.28 0.33 0.33 0.34 0.31 0.29 0.23 0.17 0.11 0.06 0.03 0.01 0.01 0.00 0.00 0.00 

0.00 0.00 0.00 0.00 0.00 0.00 0.01 0.01 0.03 0.07 0.12 0.16 0.19 0.21 0.22 0.21 0.20 0.19 0.15 0.10 0.07 0.03 0.02 0.01 0.00 0.00 0.00 0.00 

0.00 0.00 0.00 0.00 0.00 0.00 0.00 0.00 0.01 0.03 0.03 0.03 0.03 0.05 0.07 0.08 0.06 0.04 0.02 0.02 0.02 0.01 0.01 0.00 0.00 0.00 0.00 0.00 

0.00 0.00 0.00 0.00 0.00 0.00 0.00 0.00 0.00 0.00 0.00 0.00 0.00 0.00 0.00 0.00 0.00 0.01 0.01 0.00 0.00 0.00 0.00 0.00 0.00 0.00 0.00 0.00 

0.00 0.00 0.00 0.00 0.00 0.00 0.00 0.00 0.00 0.00 0.00 0.00 0.00 0.00 0.00 0.00 0.00 0.00 0.00 0.00 0.00 0.00 0.00 0.00 0.00 0.00 0.00 0.00 

GroupID:  5
0.00 0.00 0.00 0.00 0.00 0.00 0.00 0.00 0.00 0.00 0.00 0.00 0.00 0.00 0.00 0.00 0.00 0.00 0.00 0.00 0.00 0.00 0.00 0.00 0.00 0.00 0.00 0.00 

0.00 0.00 0.00 0.00 0.00 0.00 0.00 0.00 0.00 0.00 0.00 0.00 0.00 0.00 0.00 0.00 0.00 0.00 0.00 0.00 0.00 0.00 0.00 0.00 0.00 0.00 0.00 0.00 

0.00 0.00 0.00 0.00 0.00 0.00 0.00 0.00 0.00 0.00 0.00 0.00 0.00 0.00 0.00 0.00 0.00 0.00 0.00 0.00 0.00 0.00 0.00 0.00 0.00 0.00 0.00 0.00 

0.00 0.00 0.00 0.00 0.00 0.00 0.00 0.00 0.00 0.00 0.00 0.01 0.01 0.01 0.02 0.02 0.02 0.01 0.01 0.01 0.01 0.02 0.02 0.01 0.01 0.00 0.00 0.00 

0.00 0.00 0.00 0.00 0.00 0.00 0.00 0.00 0.01 0.03 0.04 0.07 0.08 0.11 0.12 0.15 0.16 0.17 0.17 0.16 0.15 0.14 0.11 0.09 0.05 0.01 0.00 0.00 

0.00 0.00 0.00 0.00 0.00 0.00 0.01 0.03 0.06 0.09 0.13 0.19 0.25 0.31 0.35 0.39 0.41 0.42 0.41 0.40 0.36 0.31 0.25 0.19 0.12 0.04 0.01 0.00 

0.00 0.00 0.00 0.00 0.00 0.01 0.03 0.05 0.11 0.17 0.25 0.34 0.40 0.48 0.53 0.57 0.57 0.56 0.55 0.53 0.50 0.43 0.35 0.30 0.23 0.11 0.02 0.00 

0.00 0.00 0.00 0.00 0.00 0.01 0.03 0.07 0.15 0.24 0.34 0.44 0.54 0.60 0.63 0.65 0.63 0.61 0.57 0.56 0.52 0.47 0.40 0.37 0.29 0.17 0.04 0.00 

0.00 0.00 0.00 0.00 0.00 0.02 0.04 0.10 0.20 0.29 0.40 0.55 0.61 0.65 0.64 0.62 0.58 0.55 0.53 0.49 0.46 0.42 0.37 0.32 0.25 0.16 0.04 0.01 

0.00 0.00 0.00 0.00 0.01 0.02 0.05 0.13 0.24 0.36 0.49 0.60 0.63 0.63 0.57 0.47 0.42 0.40 0.37 0.34 0.29 0.24 0.21 0.19 0.15 0.09 0.02 0.00 

0.00 0.00 0.00 0.00 0.01 0.02 0.06 0.15 0.30 0.45 0.61 0.68 0.69 0.62 0.50 0.40 0.31 0.27 0.23 0.17 0.14 0.11 0.08 0.06 0.05 0.03 0.01 0.00 

0.00 0.00 0.00 0.00 0.01 0.02 0.08 0.19 0.36 0.54 0.69 0.75 0.69 0.58 0.47 0.37 0.31 0.22 0.16 0.10 0.06 0.03 0.02 0.02 0.02 0.01 0.00 0.00 

0.00 0.00 0.00 0.00 0.01 0.02 0.10 0.23 0.42 0.62 0.74 0.77 0.71 0.59 0.49 0.41 0.35 0.28 0.22 0.14 0.08 0.04 0.02 0.02 0.00 0.00 0.00 0.00 

0.00 0.00 0.00 0.00 0.01 0.03 0.10 0.24 0.45 0.64 0.74 0.79 0.71 0.65 0.57 0.51 0.45 0.39 0.31 0.22 0.14 0.07 0.03 0.01 0.01 0.00 0.00 0.00 

0.00 0.00 0.00 0.00 0.01 0.03 0.10 0.23 0.40 0.58 0.66 0.69 0.66 0.62 0.58 0.54 0.52 0.47 0.41 0.31 0.21 0.12 0.04 0.02 0.01 0.00 0.00 0.00 

0.00 0.00 0.00 0.01 0.01 0.04 0.08 0.15 0.28 0.40 0.47 0.49 0.49 0.48 0.48 0.48 0.49 0.50 0.44 0.38 0.26 0.15 0.07 0.03 0.01 0.00 0.00 0.00 

0.00 0.00 0.00 0.01 0.03 0.05 0.08 0.11 0.16 0.23 0.28 0.30 0.30 0.33 0.37 0.41 0.45 0.50 0.48 0.40 0.30 0.19 0.09 0.04 0.01 0.00 0.00 0.00 

0.00 0.00 0.00 0.01 0.03 0.08 0.15 0.15 0.14 0.13 0.14 0.14 0.17 0.22 0.29 0.39 0.46 0.50 0.50 0.42 0.32 0.21 0.11 0.05 0.01 0.00 0.00 0.00 

0.00 0.00 0.00 0.00 0.04 0.14 0.25 0.27 0.20 0.15 0.12 0.11 0.14 0.22 0.31 0.40 0.49 0.52 0.52 0.42 0.32 0.20 0.11 0.05 0.01 0.00 0.00 0.00 

0.00 0.00 0.01 0.01 0.04 0.17 0.35 0.43 0.37 0.31 0.25 0.24 0.27 0.33 0.41 0.48 0.52 0.55 0.53 0.42 0.29 0.19 0.10 0.05 0.01 0.00 0.00 0.00 

0.00 0.00 0.01 0.01 0.04 0.17 0.39 0.51 0.53 0.50 0.48 0.44 0.45 0.50 0.53 0.57 0.58 0.57 0.50 0.37 0.25 0.15 0.06 0.04 0.01 0.00 0.00 0.00 

0.00 0.00 0.00 0.00 0.03 0.14 0.34 0.51 0.59 0.64 0.65 0.65 0.64 0.64 0.64 0.64 0.61 0.55 0.42 0.30 0.20 0.11 0.05 0.03 0.01 0.00 0.00 0.00 

0.00 0.00 0.00 0.00 0.01 0.07 0.22 0.37 0.50 0.62 0.69 0.70 0.69 0.69 0.67 0.62 0.55 0.43 0.32 0.20 0.11 0.06 0.03 0.02 0.01 0.00 0.00 0.00 

0.00 0.00 0.00 0.00 0.01 0.02 0.11 0.21 0.31 0.43 0.53 0.58 0.59 0.57 0.54 0.48 0.37 0.27 0.17 0.10 0.06 0.03 0.02 0.01 0.00 0.00 0.00 0.00 

0.00 0.00 0.00 0.00 0.01 0.01 0.03 0.07 0.12 0.17 0.23 0.27 0.29 0.28 0.26 0.20 0.14 0.10 0.06 0.03 0.03 0.02 0.01 0.00 0.00 0.00 0.00 0.00 

0.00 0.00 0.00 0.00 0.00 0.00 0.01 0.02 0.03 0.05 0.06 0.06 0.05 0.05 0.04 0.03 0.02 0.02 0.01 0.00 0.00 0.00 0.00 0.00 0.00 0.00 0.00 0.00 

0.00 0.00 0.00 0.00 0.00 0.00 0.00 0.00 0.01 0.01 0.01 0.01 0.01 0.01 0.00 0.00 0.00 0.00 0.00 0.00 0.00 0.00 0.00 0.00 0.00 0.00 0.00 0.00 

0.00 0.00 0.00 0.00 0.00 0.00 0.00 0.00 0.00 0.00 0.00 0.00 0.00 0.00 0.00 0.00 0.00 0.00 0.00 0.00 0.00 0.00 0.00 0.00 0.00 0.00 0.00 0.00 

GroupID:  6
0.00 0.00 0.00 0.00 0.00 0.00 0.00 0.00 0.00 0.00 0.00 0.00 0.00 0.00 0.00 0.00 0.00 0.00 0.00 0.00 0.00 0.00 0.00 0.00 0.00 0.00 0.00 0.00 

0.00 0.00 0.00 0.00 0.00 0.00 0.00 0.00 0.01 0.01 0.01 0.01 0.01 0.01 0.01 0.01 0.01 0.01 0.01 0.01 0.01 0.01 0.00 0.00 0.00 0.00 0.00 0.00 

0.00 0.00 0.00 0.00 0.00 0.00 0.00 0.01 0.01 0.01 0.03 0.04 0.05 0.09 0.13 0.18 0.24 0.24 0.20 0.14 0.08 0.04 0.01 0.00 0.00 0.00 0.00 0.00 

0.00 0.00 0.00 0.00 0.00 0.00 0.01 0.01 0.01 0.03 0.05 0.08 0.12 0.20 0.31 0.43 0.50 0.51 0.41 0.29 0.16 0.07 0.03 0.01 0.00 0.00 0.00 0.00 

0.00 0.00 0.00 0.00 0.00 0.01 0.01 0.01 0.02 0.05 0.09 0.14 0.20 0.31 0.46 0.56 0.62 0.58 0.45 0.29 0.17 0.07 0.03 0.02 0.01 0.00 0.00 0.00 

0.00 0.00 0.00 0.00 0.00 0.01 0.01 0.01 0.03 0.08 0.12 0.20 0.31 0.44 0.57 0.64 0.62 0.51 0.35 0.23 0.12 0.04 0.02 0.02 0.01 0.00 0.00 0.00 

0.00 0.00 0.00 0.00 0.00 0.00 0.01 0.02 0.05 0.10 0.17 0.28 0.41 0.55 0.65 0.64 0.53 0.36 0.23 0.12 0.05 0.03 0.01 0.01 0.01 0.00 0.00 0.00 

0.00 0.00 0.00 0.00 0.00 0.01 0.01 0.03 0.07 0.15 0.24 0.37 0.52 0.64 0.65 0.55 0.39 0.24 0.12 0.05 0.02 0.01 0.01 0.01 0.01 0.00 0.00 0.00 

0.00 0.00 0.00 0.00 0.00 0.01 0.02 0.04 0.10 0.20 0.32 0.48 0.61 0.67 0.59 0.43 0.27 0.14 0.05 0.03 0.02 0.01 0.01 0.01 0.00 0.00 0.00 0.00 

0.00 0.00 0.00 0.00 0.00 0.01 0.03 0.07 0.15 0.27 0.41 0.58 0.66 0.65 0.48 0.31 0.16 0.05 0.03 0.03 0.03 0.03 0.02 0.01 0.00 0.00 0.00 0.00 

0.00 0.00 0.00 0.00 0.00 0.01 0.05 0.09 0.20 0.35 0.52 0.67 0.68 0.57 0.38 0.20 0.10 0.06 0.07 0.09 0.09 0.06 0.04 0.03 0.01 0.00 0.00 0.00 

0.00 0.00 0.00 0.00 0.00 0.02 0.06 0.12 0.25 0.43 0.62 0.69 0.64 0.48 0.28 0.16 0.14 0.20 0.24 0.24 0.20 0.16 0.09 0.06 0.03 0.01 0.00 0.00 

0.00 0.00 0.00 0.00 0.00 0.03 0.08 0.16 0.32 0.53 0.69 0.72 0.59 0.41 0.29 0.28 0.37 0.44 0.45 0.43 0.37 0.27 0.17 0.09 0.05 0.02 0.00 0.00 

0.00 0.00 0.00 0.00 0.01 0.03 0.10 0.19 0.41 0.61 0.73 0.71 0.55 0.42 0.41 0.52 0.61 0.63 0.61 0.56 0.50 0.39 0.23 0.14 0.08 0.03 0.00 0.00 

0.00 0.00 0.00 0.00 0.01 0.04 0.12 0.26 0.48 0.68 0.75 0.67 0.52 0.50 0.61 0.72 0.76 0.72 0.65 0.60 0.55 0.45 0.28 0.15 0.07 0.03 0.00 0.00 

0.00 0.00 0.00 0.00 0.00 0.04 0.14 0.30 0.55 0.72 0.74 0.64 0.56 0.60 0.68 0.74 0.70 0.66 0.62 0.60 0.57 0.48 0.30 0.17 0.08 0.02 0.00 0.00 

0.00 0.00 0.00 0.00 0.00 0.04 0.14 0.32 0.58 0.75 0.77 0.67 0.61 0.66 0.70 0.65 0.57 0.55 0.59 0.64 0.61 0.47 0.29 0.15 0.07 0.02 0.00 0.00 

0.00 0.00 0.00 0.00 0.00 0.04 0.14 0.33 0.59 0.76 0.80 0.72 0.67 0.66 0.62 0.53 0.51 0.55 0.65 0.70 0.62 0.45 0.24 0.12 0.06 0.02 0.00 0.00 

0.00 0.00 0.00 0.00 0.00 0.02 0.11 0.30 0.55 0.76 0.84 0.81 0.76 0.68 0.62 0.59 0.63 0.71 0.75 0.71 0.56 0.33 0.18 0.09 0.04 0.01 0.00 0.00 

0.00 0.00 0.00 0.00 0.00 0.01 0.07 0.23 0.45 0.69 0.84 0.89 0.85 0.79 0.77 0.76 0.80 0.81 0.76 0.61 0.40 0.23 0.10 0.06 0.02 0.00 0.00 0.00 

0.00 0.00 0.00 0.00 0.00 0.01 0.04 0.14 0.31 0.53 0.74 0.87 0.91 0.90 0.89 0.87 0.83 0.75 0.59 0.40 0.24 0.11 0.05 0.02 0.01 0.00 0.00 0.00 

0.00 0.00 0.00 0.00 0.00 0.01 0.02 0.07 0.15 0.31 0.51 0.68 0.80 0.82 0.82 0.75 0.65 0.49 0.33 0.19 0.10 0.04 0.02 0.01 0.00 0.00 0.00 0.00 

0.00 0.00 0.00 0.00 0.00 0.00 0.01 0.03 0.04 0.09 0.17 0.25 0.32 0.35 0.34 0.30 0.24 0.16 0.10 0.05 0.02 0.01 0.00 0.00 0.00 0.00 0.00 0.00 

0.00 0.00 0.00 0.00 0.00 0.00 0.00 0.01 0.01 0.01 0.02 0.02 0.03 0.04 0.04 0.03 0.03 0.02 0.01 0.01 0.01 0.00 0.00 0.00 0.00 0.00 0.00 0.00 

0.00 0.00 0.00 0.00 0.00 0.00 0.00 0.00 0.00 0.00 0.00 0.00 0.00 0.00 0.00 0.00 0.00 0.00 0.00 0.00 0.00 0.00 0.00 0.00 0.00 0.00 0.00 0.00 

0.00 0.00 0.00 0.00 0.00 0.00 0.00 0.00 0.00 0.00 0.00 0.00 0.00 0.00 0.00 0.00 0.00 0.00 0.00 0.00 0.00 0.00 0.00 0.00 0.00 0.00 0.00 0.00 

0.00 0.00 0.00 0.00 0.00 0.00 0.00 0.00 0.00 0.00 0.00 0.00 0.00 0.00 0.00 0.00 0.00 0.00 0.00 0.00 0.00 0.00 0.00 0.00 0.00 0.00 0.00 0.00 

0.00 0.00 0.00 0.00 0.00 0.00 0.00 0.00 0.00 0.00 0.00 0.00 0.00 0.00 0.00 0.00 0.00 0.00 0.00 0.00 0.00 0.00 0.00 0.00 0.00 0.00 0.00 0.00 

GroupID:  7
0.00 0.00 0.00 0.00 0.00 0.00 0.00 0.00 0.00 0.00 0.00 0.00 0.00 0.00 0.00 0.00 0.00 0.00 0.00 0.00 0.00 0.00 0.00 0.00 0.00 0.00 0.00 0.00 

0.00 0.00 0.00 0.00 0.00 0.00 0.00 0.00 0.00 0.00 0.00 0.00 0.00 0.00 0.00 0.00 0.00 0.00 0.00 0.00 0.00 0.00 0.00 0.00 0.00 0.00 0.00 0.00 

0.00 0.00 0.00 0.00 0.00 0.00 0.00 0.00 0.00 0.00 0.00 0.00 0.00 0.00 0.00 0.00 0.00 0.00 0.00 0.00 0.00 0.00 0.00 0.00 0.00 0.00 0.00 0.00 

0.00 0.00 0.00 0.00 0.00 0.00 0.00 0.00 0.00 0.00 0.00 0.00 0.00 0.00 0.00 0.00 0.00 0.00 0.00 0.00 0.00 0.00 0.00 0.00 0.00 0.00 0.00 0.00 

0.00 0.00 0.00 0.00 0.00 0.00 0.00 0.00 0.00 0.00 0.00 0.00 0.00 0.00 0.00 0.00 0.00 0.00 0.00 0.00 0.00 0.00 0.00 0.00 0.00 0.00 0.00 0.00 

0.00 0.00 0.00 0.00 0.00 0.00 0.00 0.01 0.01 0.01 0.01 0.01 0.02 0.01 0.02 0.02 0.01 0.01 0.00 0.00 0.00 0.00 0.00 0.00 0.00 0.00 0.00 0.00 

0.00 0.00 0.00 0.00 0.01 0.02 0.04 0.05 0.07 0.08 0.11 0.11 0.13 0.14 0.15 0.15 0.14 0.12 0.10 0.06 0.04 0.03 0.02 0.01 0.00 0.00 0.00 0.00 

0.00 0.00 0.00 0.02 0.04 0.08 0.15 0.20 0.27 0.36 0.41 0.47 0.50 0.53 0.55 0.55 0.57 0.54 0.49 0.40 0.28 0.17 0.08 0.03 0.01 0.00 0.00 0.00 

0.00 0.01 0.02 0.04 0.10 0.18 0.29 0.41 0.52 0.61 0.70 0.75 0.78 0.79 0.80 0.82 0.82 0.79 0.76 0.64 0.47 0.32 0.15 0.06 0.01 0.00 0.00 0.00 

0.00 0.01 0.02 0.06 0.14 0.25 0.36 0.52 0.65 0.74 0.80 0.82 0.82 0.81 0.81 0.82 0.86 0.87 0.83 0.73 0.57 0.37 0.18 0.06 0.01 0.00 0.00 0.00 

0.00 0.01 0.03 0.07 0.15 0.25 0.36 0.50 0.61 0.67 0.69 0.66 0.60 0.57 0.55 0.59 0.69 0.80 0.82 0.73 0.57 0.35 0.16 0.05 0.01 0.00 0.00 0.00 

0.00 0.01 0.02 0.06 0.13 0.18 0.28 0.40 0.47 0.50 0.45 0.39 0.33 0.29 0.27 0.37 0.56 0.72 0.80 0.71 0.53 0.31 0.13 0.04 0.01 0.00 0.00 0.00 

0.00 0.00 0.02 0.05 0.09 0.14 0.22 0.29 0.33 0.34 0.29 0.22 0.16 0.14 0.16 0.30 0.53 0.73 0.78 0.65 0.46 0.24 0.10 0.03 0.00 0.00 0.00 0.00 

0.00 0.00 0.01 0.03 0.06 0.09 0.14 0.19 0.22 0.22 0.17 0.12 0.08 0.07 0.14 0.34 0.61 0.77 0.76 0.59 0.36 0.18 0.07 0.02 0.00 0.00 0.00 0.00 

0.00 0.00 0.00 0.01 0.04 0.07 0.10 0.14 0.16 0.13 0.09 0.07 0.07 0.09 0.20 0.47 0.71 0.79 0.73 0.50 0.27 0.14 0.06 0.03 0.01 0.01 0.00 0.00 

0.00 0.00 0.00 0.01 0.03 0.05 0.07 0.10 0.10 0.09 0.09 0.09 0.10 0.15 0.36 0.62 0.79 0.81 0.66 0.40 0.24 0.11 0.06 0.03 0.01 0.01 0.00 0.00 

0.00 0.00 0.00 0.01 0.02 0.04 0.06 0.07 0.09 0.09 0.09 0.11 0.14 0.26 0.52 0.72 0.82 0.75 0.54 0.34 0.18 0.09 0.05 0.02 0.01 0.00 0.00 0.00 

0.00 0.00 0.00 0.00 0.02 0.03 0.03 0.05 0.07 0.07 0.09 0.12 0.20 0.40 0.64 0.79 0.79 0.61 0.40 0.23 0.11 0.05 0.03 0.02 0.01 0.00 0.00 0.00 

0.00 0.00 0.00 0.00 0.01 0.01 0.02 0.02 0.04 0.04 0.07 0.13 0.28 0.50 0.70 0.77 0.68 0.46 0.29 0.14 0.07 0.03 0.01 0.01 0.01 0.00 0.00 0.00 

0.00 0.00 0.00 0.00 0.00 0.00 0.01 0.01 0.01 0.03 0.08 0.19 0.39 0.58 0.72 0.71 0.55 0.35 0.21 0.08 0.05 0.02 0.01 0.00 0.00 0.00 0.00 0.00 

0.00 0.00 0.00 0.00 0.00 0.00 0.00 0.01 0.02 0.06 0.15 0.31 0.49 0.64 0.69 0.60 0.44 0.27 0.14 0.06 0.04 0.02 0.01 0.00 0.00 0.00 0.00 0.00 

0.00 0.00 0.00 0.00 0.00 0.00 0.01 0.02 0.05 0.12 0.24 0.41 0.53 0.62 0.59 0.49 0.37 0.22 0.10 0.05 0.03 0.01 0.00 0.00 0.00 0.00 0.00 0.00 

0.00 0.00 0.00 0.00 0.00 0.01 0.01 0.03 0.09 0.19 0.34 0.45 0.54 0.56 0.51 0.43 0.31 0.17 0.08 0.04 0.03 0.01 0.01 0.00 0.00 0.00 0.00 0.00 

0.00 0.00 0.00 0.00 0.01 0.01 0.03 0.08 0.15 0.26 0.38 0.46 0.50 0.48 0.43 0.37 0.27 0.14 0.07 0.04 0.03 0.01 0.00 0.00 0.00 0.00 0.00 0.00 

0.00 0.00 0.00 0.00 0.01 0.02 0.05 0.11 0.21 0.32 0.39 0.42 0.45 0.40 0.38 0.31 0.24 0.14 0.07 0.03 0.02 0.01 0.01 0.00 0.00 0.00 0.00 0.00 

0.00 0.00 0.00 0.00 0.00 0.02 0.06 0.13 0.22 0.30 0.35 0.37 0.35 0.33 0.32 0.26 0.21 0.13 0.07 0.03 0.02 0.01 0.01 0.00 0.00 0.00 0.00 0.00 

0.00 0.00 0.00 0.00 0.00 0.01 0.04 0.09 0.14 0.18 0.21 0.23 0.21 0.19 0.18 0.17 0.12 0.09 0.05 0.03 0.02 0.01 0.01 0.00 0.00 0.00 0.00 0.00 

0.00 0.00 0.00 0.00 0.00 0.00 0.01 0.01 0.01 0.01 0.02 0.03 0.04 0.04 0.04 0.03 0.02 0.02 0.01 0.01 0.00 0.00 0.00 0.00 0.00 0.00 0.00 0.00 

GroupID:  8
0.00 0.00 0.00 0.00 0.00 0.00 0.00 0.00 0.00 0.00 0.00 0.00 0.00 0.00 0.00 0.00 0.00 0.00 0.00 0.00 0.00 0.00 0.00 0.00 0.00 0.00 0.00 0.00 

0.00 0.00 0.00 0.00 0.00 0.00 0.00 0.00 0.00 0.00 0.00 0.00 0.00 0.00 0.00 0.00 0.00 0.00 0.00 0.00 0.00 0.00 0.00 0.00 0.00 0.00 0.00 0.00 

0.00 0.00 0.00 0.00 0.00 0.00 0.00 0.00 0.00 0.00 0.00 0.00 0.00 0.00 0.00 0.00 0.00 0.00 0.00 0.00 0.00 0.00 0.00 0.00 0.00 0.00 0.00 0.00 

0.00 0.00 0.00 0.00 0.00 0.00 0.00 0.00 0.00 0.00 0.00 0.00 0.01 0.01 0.01 0.01 0.01 0.01 0.01 0.01 0.00 0.00 0.00 0.00 0.00 0.00 0.00 0.00 

0.00 0.00 0.00 0.00 0.00 0.00 0.00 0.00 0.01 0.01 0.02 0.04 0.07 0.11 0.15 0.19 0.21 0.20 0.17 0.12 0.08 0.04 0.02 0.01 0.00 0.00 0.00 0.00 

0.00 0.00 0.00 0.00 0.00 0.00 0.00 0.01 0.02 0.06 0.13 0.26 0.36 0.49 0.62 0.70 0.73 0.68 0.58 0.45 0.31 0.20 0.10 0.05 0.02 0.01 0.01 0.00 

0.00 0.00 0.00 0.00 0.00 0.00 0.01 0.03 0.09 0.20 0.33 0.49 0.63 0.76 0.84 0.85 0.84 0.81 0.73 0.61 0.47 0.34 0.21 0.11 0.05 0.02 0.01 0.01 

0.00 0.00 0.00 0.00 0.00 0.01 0.03 0.09 0.19 0.35 0.49 0.63 0.71 0.77 0.77 0.74 0.71 0.70 0.68 0.62 0.52 0.41 0.28 0.16 0.08 0.02 0.01 0.01 

0.00 0.00 0.00 0.00 0.01 0.02 0.06 0.14 0.27 0.44 0.58 0.67 0.69 0.63 0.55 0.48 0.48 0.51 0.58 0.58 0.54 0.46 0.35 0.20 0.10 0.03 0.01 0.00 

0.00 0.00 0.00 0.00 0.01 0.03 0.09 0.16 0.30 0.47 0.60 0.63 0.59 0.48 0.37 0.30 0.35 0.46 0.57 0.61 0.59 0.48 0.35 0.22 0.10 0.03 0.00 0.00 

0.00 0.00 0.00 0.00 0.01 0.04 0.09 0.18 0.28 0.45 0.59 0.62 0.57 0.43 0.33 0.29 0.40 0.52 0.64 0.66 0.61 0.44 0.28 0.16 0.07 0.01 0.00 0.00 

0.00 0.00 0.00 0.00 0.01 0.05 0.09 0.17 0.26 0.40 0.56 0.63 0.61 0.52 0.39 0.42 0.54 0.68 0.71 0.64 0.50 0.32 0.18 0.08 0.03 0.01 0.00 0.00 

0.00 0.00 0.00 0.00 0.01 0.04 0.08 0.13 0.22 0.36 0.50 0.64 0.68 0.63 0.58 0.65 0.74 0.76 0.65 0.50 0.34 0.18 0.09 0.04 0.02 0.01 0.00 0.00 

0.00 0.00 0.00 0.00 0.01 0.03 0.05 0.11 0.18 0.29 0.43 0.63 0.78 0.80 0.79 0.82 0.85 0.73 0.50 0.31 0.18 0.10 0.05 0.03 0.01 0.01 0.00 0.00 

0.00 0.00 0.00 0.00 0.00 0.02 0.04 0.08 0.14 0.23 0.39 0.62 0.83 0.89 0.91 0.91 0.83 0.61 0.37 0.19 0.10 0.06 0.03 0.02 0.01 0.00 0.00 0.00 

0.00 0.00 0.00 0.00 0.00 0.01 0.03 0.05 0.10 0.22 0.42 0.67 0.85 0.91 0.90 0.87 0.72 0.50 0.30 0.16 0.10 0.05 0.02 0.02 0.01 0.00 0.00 0.00 

0.00 0.00 0.00 0.00 0.00 0.01 0.03 0.06 0.13 0.32 0.55 0.75 0.83 0.84 0.79 0.75 0.65 0.48 0.32 0.18 0.11 0.07 0.03 0.02 0.01 0.00 0.00 0.00 

0.00 0.00 0.00 0.00 0.01 0.02 0.04 0.12 0.25 0.47 0.69 0.78 0.73 0.65 0.63 0.61 0.59 0.49 0.34 0.22 0.13 0.08 0.05 0.03 0.01 0.00 0.00 0.00 

0.00 0.00 0.00 0.00 0.01 0.03 0.08 0.21 0.37 0.59 0.71 0.70 0.59 0.50 0.49 0.54 0.54 0.48 0.36 0.24 0.17 0.10 0.06 0.03 0.01 0.00 0.00 0.00 

0.00 0.00 0.00 0.00 0.01 0.05 0.13 0.29 0.46 0.63 0.68 0.57 0.44 0.41 0.43 0.49 0.51 0.47 0.39 0.28 0.17 0.11 0.06 0.03 0.01 0.00 0.00 0.00 

0.00 0.00 0.00 0.00 0.01 0.06 0.18 0.34 0.52 0.66 0.62 0.52 0.43 0.44 0.48 0.50 0.52 0.50 0.42 0.30 0.18 0.11 0.05 0.02 0.01 0.00 0.00 0.00 

0.00 0.00 0.00 0.00 0.01 0.08 0.19 0.35 0.52 0.62 0.66 0.62 0.60 0.62 0.62 0.59 0.56 0.50 0.39 0.27 0.16 0.08 0.04 0.02 0.01 0.00 0.00 0.00 

0.00 0.00 0.00 0.00 0.01 0.07 0.17 0.32 0.47 0.61 0.74 0.79 0.82 0.80 0.74 0.65 0.54 0.46 0.35 0.22 0.12 0.05 0.04 0.01 0.01 0.00 0.00 0.00 

0.00 0.00 0.00 0.00 0.00 0.04 0.12 0.23 0.37 0.51 0.66 0.78 0.83 0.80 0.69 0.57 0.45 0.35 0.23 0.14 0.06 0.03 0.02 0.01 0.00 0.00 0.00 0.00 

0.00 0.00 0.00 0.00 0.00 0.01 0.06 0.11 0.18 0.27 0.35 0.43 0.46 0.46 0.40 0.32 0.25 0.18 0.11 0.06 0.03 0.02 0.01 0.00 0.00 0.00 0.00 0.00 

0.00 0.00 0.00 0.00 0.00 0.00 0.00 0.01 0.01 0.01 0.02 0.03 0.04 0.04 0.04 0.03 0.02 0.02 0.01 0.01 0.01 0.00 0.00 0.00 0.00 0.00 0.00 0.00 

0.00 0.00 0.00 0.00 0.00 0.00 0.00 0.00 0.00 0.00 0.00 0.00 0.00 0.00 0.00 0.00 0.00 0.00 0.00 0.00 0.00 0.00 0.00 0.00 0.00 0.00 0.00 0.00 

0.00 0.00 0.00 0.00 0.00 0.00 0.00 0.00 0.00 0.00 0.00 0.00 0.00 0.00 0.00 0.00 0.00 0.00 0.00 0.00 0.00 0.00 0.00 0.00 0.00 0.00 0.00 0.00 

GroupID:  9
0.00 0.00 0.00 0.00 0.00 0.00 0.00 0.00 0.00 0.00 0.00 0.00 0.00 0.00 0.00 0.00 0.00 0.00 0.00 0.00 0.00 0.00 0.00 0.00 0.00 0.00 0.00 0.00 

0.00 0.00 0.00 0.00 0.00 0.00 0.00 0.00 0.00 0.00 0.00 0.00 0.00 0.00 0.00 0.00 0.00 0.00 0.00 0.00 0.00 0.00 0.00 0.00 0.00 0.00 0.00 0.00 

0.00 0.00 0.00 0.00 0.00 0.00 0.00 0.00 0.00 0.00 0.00 0.00 0.00 0.00 0.00 0.00 0.00 0.00 0.00 0.00 0.00 0.00 0.00 0.00 0.00 0.00 0.00 0.00 

0.00 0.00 0.00 0.00 0.00 0.00 0.00 0.00 0.00 0.00 0.00 0.00 0.00 0.00 0.00 0.00 0.00 0.00 0.00 0.00 0.00 0.00 0.00 0.00 0.00 0.00 0.00 0.00 

0.00 0.00 0.00 0.00 0.00 0.00 0.00 0.00 0.00 0.00 0.00 0.01 0.01 0.01 0.01 0.01 0.01 0.00 0.00 0.00 0.00 0.00 0.00 0.00 0.00 0.00 0.00 0.00 

0.00 0.00 0.00 0.00 0.00 0.00 0.00 0.00 0.00 0.00 0.01 0.02 0.04 0.04 0.05 0.05 0.04 0.04 0.02 0.02 0.01 0.00 0.00 0.00 0.00 0.00 0.00 0.00 

0.00 0.00 0.00 0.00 0.00 0.00 0.01 0.01 0.02 0.05 0.10 0.17 0.30 0.42 0.52 0.56 0.54 0.45 0.34 0.23 0.13 0.05 0.01 0.00 0.00 0.00 0.00 0.00 

0.00 0.00 0.00 0.00 0.00 0.01 0.01 0.03 0.07 0.16 0.29 0.46 0.67 0.80 0.89 0.89 0.87 0.77 0.61 0.43 0.27 0.12 0.04 0.01 0.01 0.00 0.00 0.00 

0.00 0.00 0.00 0.00 0.01 0.01 0.04 0.09 0.17 0.32 0.53 0.75 0.86 0.86 0.83 0.78 0.77 0.77 0.69 0.55 0.36 0.19 0.07 0.02 0.01 0.00 0.00 0.00 

0.00 0.00 0.00 0.00 0.01 0.03 0.08 0.16 0.30 0.52 0.74 0.82 0.78 0.63 0.52 0.47 0.54 0.64 0.67 0.59 0.40 0.20 0.09 0.03 0.00 0.00 0.00 0.00 

0.00 0.00 0.00 0.00 0.01 0.06 0.11 0.24 0.43 0.69 0.77 0.73 0.54 0.33 0.20 0.24 0.40 0.61 0.70 0.65 0.44 0.22 0.10 0.03 0.01 0.00 0.00 0.00 

0.00 0.00 0.00 0.00 0.02 0.08 0.15 0.32 0.54 0.73 0.71 0.56 0.30 0.15 0.14 0.27 0.49 0.71 0.77 0.67 0.44 0.22 0.08 0.02 0.01 0.00 0.00 0.00 

0.00 0.00 0.00 0.01 0.03 0.09 0.19 0.40 0.59 0.72 0.66 0.41 0.25 0.20 0.28 0.46 0.69 0.83 0.80 0.66 0.39 0.18 0.04 0.01 0.00 0.00 0.00 0.00 

0.00 0.00 0.00 0.01 0.03 0.09 0.20 0.43 0.61 0.70 0.62 0.45 0.37 0.42 0.52 0.68 0.82 0.90 0.80 0.57 0.30 0.11 0.04 0.01 0.00 0.00 0.00 0.00 

0.00 0.00 0.00 0.01 0.03 0.09 0.19 0.39 0.56 0.65 0.65 0.58 0.59 0.62 0.69 0.79 0.89 0.91 0.73 0.45 0.20 0.08 0.03 0.01 0.00 0.00 0.00 0.00 

0.00 0.00 0.00 0.01 0.02 0.08 0.15 0.31 0.48 0.58 0.63 0.63 0.64 0.65 0.71 0.81 0.89 0.85 0.62 0.34 0.15 0.05 0.03 0.01 0.00 0.00 0.01 0.00 

0.00 0.00 0.00 0.01 0.01 0.05 0.11 0.21 0.34 0.45 0.53 0.55 0.55 0.57 0.64 0.79 0.86 0.75 0.50 0.26 0.11 0.05 0.02 0.00 0.00 0.00 0.00 0.00 

0.00 0.00 0.00 0.01 0.01 0.03 0.06 0.12 0.18 0.27 0.34 0.36 0.38 0.47 0.61 0.76 0.79 0.65 0.40 0.21 0.10 0.03 0.01 0.01 0.00 0.00 0.00 0.00 

0.00 0.00 0.00 0.00 0.00 0.01 0.02 0.05 0.09 0.13 0.17 0.20 0.27 0.41 0.61 0.70 0.69 0.53 0.33 0.19 0.08 0.03 0.02 0.01 0.00 0.00 0.00 0.00 

0.00 0.00 0.00 0.00 0.00 0.01 0.02 0.03 0.04 0.06 0.10 0.16 0.26 0.43 0.57 0.62 0.57 0.42 0.27 0.17 0.09 0.03 0.02 0.01 0.01 0.00 0.00 0.00 

0.00 0.00 0.00 0.00 0.00 0.01 0.02 0.02 0.02 0.05 0.09 0.16 0.31 0.46 0.54 0.54 0.46 0.36 0.24 0.16 0.09 0.03 0.02 0.01 0.01 0.00 0.00 0.00 

0.00 0.00 0.00 0.00 0.00 0.01 0.01 0.02 0.04 0.08 0.15 0.25 0.37 0.46 0.51 0.48 0.40 0.29 0.22 0.15 0.09 0.04 0.02 0.01 0.01 0.00 0.00 0.00 

0.00 0.00 0.00 0.00 0.00 0.00 0.01 0.03 0.06 0.12 0.20 0.31 0.41 0.45 0.45 0.40 0.33 0.27 0.22 0.16 0.10 0.05 0.02 0.01 0.01 0.00 0.00 0.00 

0.00 0.00 0.00 0.00 0.00 0.01 0.02 0.05 0.10 0.16 0.26 0.33 0.40 0.41 0.39 0.34 0.29 0.25 0.21 0.15 0.11 0.06 0.03 0.01 0.01 0.00 0.00 0.00 

0.00 0.00 0.00 0.00 0.01 0.01 0.03 0.06 0.11 0.18 0.27 0.33 0.35 0.34 0.32 0.30 0.27 0.23 0.20 0.14 0.09 0.06 0.03 0.01 0.00 0.00 0.00 0.00 

0.00 0.00 0.00 0.00 0.00 0.01 0.03 0.06 0.11 0.17 0.23 0.27 0.27 0.26 0.24 0.22 0.21 0.19 0.15 0.10 0.07 0.05 0.02 0.01 0.01 0.00 0.00 0.00 

0.00 0.00 0.00 0.00 0.01 0.01 0.01 0.02 0.04 0.05 0.07 0.07 0.07 0.07 0.07 0.06 0.06 0.06 0.04 0.02 0.02 0.01 0.01 0.00 0.00 0.00 0.00 0.00 

0.00 0.00 0.00 0.00 0.00 0.00 0.00 0.00 0.00 0.00 0.00 0.00 0.00 0.00 0.01 0.00 0.00 0.00 0.00 0.01 0.00 0.00 0.00 0.00 0.00 0.00 0.00 0.00 

Size of class 0 : 479
Size of class 1 : 563
Size of class 2 : 488
Size of class 3 : 493
Size of class 4 : 535
Size of class 5 : 434
Size of class 6 : 501
Size of class 7 : 550
Size of class 8 : 462
Size of class 9 : 495
There are 5000 numbers in training set
Prior for class 0 : 0.0958
Prior for class 1 : 0.1126
Prior for class 2 : 0.0976
Prior for class 3 : 0.0986
Prior for class 4 : 0.107
Prior for class 5 : 0.0868
Prior for class 6 : 0.1002
Prior for class 7 : 0.11
Prior for class 8 : 0.0924
Prior for class 9 : 0.099
1000 testing labels
MAPDB:
MLDB:
Overall accuracy: 77.8 %
Overall accuracy (ML): 78.0 %
Confusion Matrix:
0.86 0.00 0.01 0.00 0.00 0.04 0.03 0.00 0.06 0.00 
0.00 0.95 0.00 0.00 0.00 0.02 0.01 0.00 0.02 0.00 
0.02 0.02 0.78 0.05 0.01 0.00 0.06 0.00 0.05 0.02 
0.00 0.01 0.00 0.83 0.00 0.01 0.02 0.05 0.03 0.05 
0.00 0.00 0.01 0.00 0.74 0.01 0.03 0.01 0.02 0.19 
0.03 0.01 0.01 0.16 0.03 0.64 0.01 0.01 0.02 0.07 
0.02 0.03 0.04 0.00 0.03 0.04 0.78 0.00 0.04 0.00 
0.00 0.05 0.04 0.00 0.03 0.00 0.00 0.71 0.03 0.15 
0.02 0.01 0.03 0.13 0.02 0.04 0.00 0.01 0.67 0.08 
0.01 0.00 0.01 0.02 0.08 0.02 0.00 0.02 0.02 0.82 
Accuracy for class 0 : 85.56 %
Accuracy for class 1 : 95.37 %
Accuracy for class 2 : 77.67 %
Accuracy for class 3 : 83.00 %
Accuracy for class 4 : 73.83 %
Accuracy for class 5 : 64.13 %
Accuracy for class 6 : 78.02 %
Accuracy for class 7 : 70.75 %
Accuracy for class 8 : 66.99 %
Accuracy for class 9 : 82.00 %
Highest four c1, c2 pairs
4 9
5 3
7 9
8 3
Matrix 1 comparing class 4 with class 9
0.93 0.93 0.93 0.93 0.93 0.93 0.93 0.93 0.93 0.93 0.93 0.93 0.93 0.93 0.93 0.93 0.93 0.93 0.93 0.93 0.93 0.93 0.93 0.93 0.93 0.93 0.93 0.93 
0.93 0.93 0.93 0.93 0.93 0.93 0.93 0.93 0.93 0.93 0.93 0.93 0.93 0.93 0.93 0.93 0.93 0.93 0.93 0.93 0.93 0.93 0.93 0.93 0.93 0.93 0.93 0.93 
0.93 0.93 0.93 0.93 0.93 0.93 0.93 0.93 0.93 0.93 0.93 0.93 0.93 0.93 0.93 1.67 1.85 1.67 0.93 0.93 0.93 0.93 0.93 0.93 0.93 0.93 0.93 0.93 
0.93 0.93 0.93 0.93 0.93 0.93 0.93 0.93 0.93 0.93 0.93 1.67 1.85 1.67 1.67 2.59 2.78 2.41 2.41 2.59 4.81 4.44 3.33 0.93 0.93 0.93 0.93 0.93 
0.93 0.93 0.93 0.93 2.41 3.15 3.15 6.29 9.07 9.26 5.76 4.27 3.75 3.17 2.58 3.36 4.58 13.88 28.14 34.99 38.88 26.66 20.73 10.18 5.74 0.93 0.93 0.93 
0.93 0.93 0.93 0.93 3.33 6.48 15.00 24.07 31.29 23.66 10.50 4.60 3.15 2.61 1.63 1.37 2.67 4.03 8.11 13.74 18.24 47.62 75.72 51.65 30.55 4.07 0.93 0.93 
0.93 0.93 0.93 2.41 6.66 15.37 10.04 9.47 7.10 3.41 2.09 1.44 0.80 0.46 0.26 0.23 0.33 0.54 0.94 1.56 2.70 5.55 32.94 40.11 39.80 10.00 1.67 0.93 
0.93 0.93 0.93 3.15 10.92 7.62 6.30 3.55 2.72 1.78 1.20 0.77 0.51 0.34 0.21 0.19 0.27 0.42 0.68 1.06 1.54 2.83 6.59 8.96 14.03 11.66 3.52 0.93 
0.93 0.93 0.93 4.07 4.56 4.35 2.36 1.84 1.54 1.13 0.83 0.59 0.48 0.35 0.24 0.23 0.33 0.50 0.72 0.95 1.28 1.92 2.98 6.81 9.47 7.03 2.59 0.93 
0.93 0.93 0.93 5.00 3.41 1.85 1.48 1.31 1.08 0.87 0.70 0.62 0.57 0.47 0.34 0.37 0.54 0.73 0.85 0.99 1.21 1.57 2.13 3.49 6.11 6.29 1.67 0.93 
0.93 0.93 0.93 5.00 2.06 1.18 1.29 1.07 0.97 0.79 0.79 0.75 0.74 0.69 0.57 0.69 0.85 0.90 0.93 0.96 1.06 1.22 1.41 1.92 1.80 2.41 0.93 0.93 
0.93 0.93 1.85 6.48 1.73 1.01 1.13 1.11 0.96 0.90 0.92 0.91 1.13 1.06 0.69 0.74 0.87 0.90 0.93 0.94 0.97 0.99 1.28 2.08 1.92 0.51 0.93 0.93 
0.93 1.67 1.85 1.98 1.50 1.16 1.17 1.10 1.04 1.02 0.99 1.12 1.05 0.73 0.55 0.59 0.79 0.88 0.95 0.93 0.99 1.00 1.87 2.98 3.61 0.93 0.93 0.93 
0.93 1.85 1.85 1.01 1.29 1.42 1.57 1.25 1.18 1.13 1.08 1.08 0.82 0.64 0.57 0.66 0.84 0.92 1.00 1.06 1.30 1.83 2.92 8.70 6.48 0.83 0.51 0.93 
0.93 1.67 1.85 1.60 1.71 2.03 2.11 1.57 1.35 1.25 1.18 1.10 0.92 0.83 0.76 0.85 0.94 0.98 1.09 1.34 2.00 2.79 4.69 9.00 14.07 0.83 0.51 0.93 
0.93 0.93 1.67 2.18 2.17 2.51 2.75 2.02 1.56 1.41 1.29 1.26 1.20 1.15 1.08 1.03 1.01 1.06 1.24 1.71 2.42 4.11 5.11 10.89 10.18 0.83 0.64 0.93 
0.93 0.93 0.93 2.06 3.29 3.94 3.45 2.58 1.93 1.62 1.42 1.39 1.35 1.33 1.24 1.07 1.05 1.14 1.40 1.91 2.71 3.61 5.49 11.83 9.63 0.93 1.03 0.93 
0.93 0.93 0.51 0.64 3.90 5.03 3.89 3.19 2.43 1.80 1.50 1.46 1.38 1.26 1.10 1.01 1.04 1.13 1.35 1.67 2.16 3.56 3.52 3.43 7.41 2.41 1.85 0.93 
0.93 0.93 0.51 0.46 2.68 5.14 4.79 3.48 2.34 1.77 1.47 1.34 1.22 1.08 0.94 0.96 0.97 1.09 1.11 1.26 1.65 2.65 1.67 1.10 1.03 0.93 1.67 0.93 
0.93 0.93 0.93 0.46 0.93 2.39 3.40 2.06 1.58 1.39 0.95 0.89 1.01 0.90 0.90 0.94 1.00 1.10 1.14 1.17 1.32 2.42 1.35 0.89 0.54 0.93 0.93 0.93 
0.93 0.93 0.93 0.46 0.83 1.65 1.18 1.26 1.45 0.81 0.82 0.96 0.84 0.85 0.88 0.93 1.07 1.09 1.17 1.21 1.30 1.88 1.56 1.09 0.49 0.93 0.93 0.93 
0.93 0.93 0.93 0.93 0.51 0.36 0.39 0.45 0.59 0.52 0.64 0.73 0.78 0.83 0.84 0.89 1.05 1.15 1.14 1.29 1.29 1.55 1.74 1.61 0.76 1.67 0.93 0.93 
0.93 0.93 0.93 0.93 0.93 0.93 0.28 0.47 0.38 0.49 0.65 0.69 0.75 0.81 0.84 0.94 1.08 1.19 1.16 1.23 1.13 1.34 1.81 1.89 1.03 1.85 0.93 0.93 
0.93 0.93 0.93 0.93 0.51 0.60 0.50 0.28 0.34 0.52 0.56 0.66 0.72 0.82 0.84 0.97 1.05 1.15 1.09 1.13 1.03 1.11 1.16 1.23 1.21 0.93 0.93 0.93 
0.93 0.93 0.93 0.93 0.36 0.17 0.26 0.17 0.24 0.40 0.43 0.49 0.54 0.61 0.70 0.71 0.77 0.81 0.74 0.77 0.69 0.54 0.62 0.82 1.34 0.93 0.93 0.93 
0.93 0.93 0.93 0.93 0.51 0.15 0.06 0.08 0.09 0.16 0.13 0.11 0.13 0.20 0.31 0.35 0.31 0.22 0.16 0.21 0.22 0.16 0.22 0.55 0.64 0.93 0.93 0.93 
0.93 0.93 0.93 0.51 0.33 0.26 0.15 0.08 0.08 0.06 0.03 0.03 0.02 0.05 0.03 0.05 0.08 0.09 0.12 0.13 0.09 0.13 0.24 0.51 0.93 0.93 0.93 0.93 
0.93 0.93 0.93 0.93 0.93 0.93 0.93 0.93 0.93 0.93 0.93 0.93 0.51 0.46 0.33 0.51 0.51 0.93 0.46 0.36 0.51 0.93 0.93 0.93 0.93 0.93 0.93 0.93 


Matrix 2 comparing class 5 with class 3
1.14 1.14 1.14 1.14 1.14 1.14 1.14 1.14 1.14 1.14 1.14 1.14 1.14 1.14 1.14 1.14 1.14 1.14 1.14 1.14 1.14 1.14 1.14 1.14 1.14 1.14 1.14 1.14 
1.14 1.14 1.14 1.14 1.14 1.14 1.14 1.14 1.14 1.14 1.14 1.14 1.14 1.14 1.14 1.14 1.14 1.14 1.14 1.14 1.14 1.14 1.14 1.14 1.14 1.14 1.14 1.14 
1.14 1.14 1.14 1.14 1.14 1.14 1.14 1.14 1.14 1.14 1.14 1.14 1.14 1.14 1.14 1.14 1.14 1.14 1.14 1.14 1.14 1.14 1.14 1.14 1.14 1.14 1.14 1.14 
1.14 1.14 1.14 1.14 1.14 0.63 0.57 0.57 0.41 0.25 0.20 0.30 0.39 0.44 0.58 0.72 0.68 0.53 0.67 1.14 2.43 4.54 8.17 5.90 3.86 1.14 1.14 1.14 
1.14 1.14 1.14 0.63 0.41 0.16 0.11 0.09 0.19 0.23 0.21 0.26 0.25 0.31 0.34 0.41 0.49 0.63 0.87 1.19 2.42 4.86 12.69 17.46 23.15 4.77 1.14 1.14 
1.14 1.14 1.14 0.26 0.10 0.05 0.13 0.23 0.26 0.27 0.28 0.34 0.39 0.43 0.48 0.54 0.61 0.74 0.89 1.18 1.75 2.94 6.70 17.99 61.74 20.20 3.86 1.14 
1.14 1.14 1.14 0.12 0.06 0.08 0.15 0.21 0.28 0.33 0.38 0.46 0.51 0.58 0.63 0.66 0.69 0.75 0.90 1.10 1.47 2.33 3.85 12.90 113.27 55.62 9.76 2.04 
1.14 0.63 1.14 0.11 0.04 0.14 0.18 0.27 0.37 0.46 0.58 0.69 0.82 0.91 0.90 0.87 0.86 0.82 0.83 0.96 1.26 2.07 3.62 9.04 141.42 83.99 18.61 2.04 
1.14 1.14 1.14 0.09 0.07 0.20 0.24 0.46 0.67 0.79 0.99 1.37 1.56 1.65 1.51 1.18 0.92 0.82 0.80 0.84 1.10 1.80 3.42 7.82 124.62 76.95 18.39 2.95 
1.14 1.14 0.63 0.15 0.25 0.28 0.40 0.88 1.31 1.75 2.23 2.74 2.55 2.25 1.58 0.96 0.67 0.57 0.55 0.62 0.75 1.20 2.49 7.31 76.50 44.27 9.53 2.04 
1.14 1.14 0.63 0.30 0.54 0.48 0.97 2.17 3.06 3.64 4.03 3.73 2.79 1.79 1.05 0.64 0.42 0.36 0.36 0.38 0.50 0.77 1.29 3.59 27.24 15.66 3.18 1.14 
1.14 1.14 1.14 0.63 1.23 1.25 2.77 4.50 5.08 4.16 3.28 2.34 1.53 1.01 0.66 0.47 0.38 0.31 0.29 0.29 0.29 0.42 0.78 1.81 7.72 4.99 2.04 1.14 
1.14 1.14 1.14 1.14 1.83 2.58 5.41 5.51 4.30 3.16 2.20 1.49 1.06 0.77 0.58 0.48 0.44 0.42 0.46 0.49 0.57 0.85 0.80 2.27 2.04 2.04 1.14 1.14 
1.14 1.14 1.14 0.63 1.92 4.27 5.41 3.69 3.04 2.26 1.58 1.20 0.92 0.77 0.65 0.61 0.56 0.56 0.63 0.70 0.90 1.06 1.57 1.66 2.95 1.14 1.14 1.14 
1.14 1.14 1.14 1.14 1.20 2.86 3.86 3.54 2.45 1.83 1.43 1.10 0.94 0.84 0.77 0.71 0.69 0.65 0.69 0.76 0.85 1.13 0.99 1.97 2.40 1.14 1.14 1.14 
1.14 1.14 1.14 1.64 1.64 2.46 3.07 2.45 2.12 1.65 1.36 1.11 1.01 0.94 0.91 0.85 0.75 0.71 0.66 0.71 0.83 0.88 1.12 1.25 2.27 2.04 0.63 1.14 
1.14 1.14 0.33 0.47 1.32 1.15 1.97 1.90 1.82 1.70 1.44 1.44 1.33 1.34 1.28 1.13 0.89 0.77 0.69 0.68 0.75 0.83 0.95 1.42 2.61 2.04 1.14 1.14 
1.14 1.14 0.26 0.19 0.45 0.94 1.77 1.81 1.52 1.41 1.88 1.79 1.88 2.23 1.83 1.30 1.03 0.85 0.73 0.68 0.77 0.86 0.92 1.32 2.27 2.27 1.14 1.14 
1.14 1.14 0.46 0.09 0.32 0.88 1.36 1.47 1.38 1.56 1.52 1.61 2.29 2.52 1.96 1.34 1.04 0.90 0.80 0.69 0.77 0.81 0.84 1.41 2.16 2.04 1.14 1.14 
1.14 1.14 0.50 0.12 0.24 0.67 1.11 1.35 1.49 1.74 1.83 2.17 2.25 1.94 1.54 1.14 0.94 0.86 0.81 0.74 0.73 0.80 0.84 1.38 2.61 2.04 1.14 1.14 
1.14 1.14 0.40 0.09 0.17 0.52 0.92 1.11 1.20 1.32 1.44 1.44 1.38 1.22 1.01 0.91 0.82 0.80 0.78 0.76 0.73 0.73 0.66 1.44 3.78 1.14 1.14 1.14 
1.14 1.14 0.14 0.06 0.15 0.47 0.72 0.91 0.96 1.05 1.06 1.08 1.03 0.95 0.86 0.81 0.79 0.80 0.79 0.77 0.76 0.73 0.89 1.85 4.99 1.14 1.14 1.14 
1.14 1.14 0.19 0.05 0.10 0.31 0.56 0.70 0.77 0.85 0.90 0.87 0.83 0.82 0.80 0.79 0.81 0.81 0.86 0.77 0.78 0.81 1.12 2.67 2.95 1.14 1.14 1.14 
1.14 1.14 0.44 0.08 0.10 0.17 0.44 0.55 0.60 0.67 0.73 0.76 0.76 0.76 0.80 0.84 0.82 0.88 0.87 0.83 0.99 1.46 2.59 2.27 2.04 1.14 1.14 1.14 
1.14 1.14 1.14 0.20 0.19 0.16 0.35 0.42 0.58 0.69 0.77 0.82 0.86 0.88 0.99 0.95 1.03 1.17 1.33 1.41 2.04 1.83 1.78 1.14 1.14 1.14 1.14 1.14 
1.14 1.14 1.14 0.63 0.32 0.57 0.46 0.66 0.81 1.09 1.32 1.11 1.09 0.96 1.20 1.44 1.79 1.95 0.96 0.73 0.41 0.57 0.63 1.14 1.14 1.14 1.14 1.14 
1.14 1.14 1.14 1.14 1.14 1.14 2.04 2.04 2.95 2.95 2.27 2.04 1.70 1.29 0.68 0.81 1.26 1.26 1.02 0.57 0.57 0.63 1.14 1.14 1.14 1.14 1.14 1.14 
1.14 1.14 1.14 1.14 1.14 1.14 1.14 1.14 1.14 1.14 1.14 1.14 1.14 1.14 1.14 1.14 1.14 1.14 1.14 1.14 1.14 1.14 1.14 1.14 1.14 1.14 1.14 1.14 


Matrix 3 comparing class 7 with class 9
0.90 0.90 0.90 0.90 0.90 0.90 0.90 0.90 0.90 0.90 0.90 0.90 0.90 0.90 0.90 0.90 0.90 0.90 0.90 0.90 0.90 0.90 0.90 0.90 0.90 0.90 0.90 0.90 
0.90 0.90 0.90 0.90 0.90 0.90 0.90 0.90 0.90 0.90 0.90 0.90 0.90 0.90 0.90 0.90 0.90 0.90 0.90 0.90 0.90 0.90 0.90 0.90 0.90 0.90 0.90 0.90 
0.90 0.90 0.90 0.90 0.90 0.90 0.90 0.90 0.90 0.90 0.90 0.90 0.90 0.90 0.90 0.90 0.90 0.90 0.90 0.90 0.90 0.90 0.90 0.90 0.90 0.90 0.90 0.90 
0.90 0.90 0.90 0.90 0.90 0.90 0.90 0.90 0.90 0.90 0.90 0.90 0.90 0.90 0.90 0.90 0.90 0.90 0.90 0.90 0.90 0.90 0.90 0.90 0.90 0.90 0.90 0.90 
0.90 0.90 0.90 0.90 0.90 0.90 0.90 0.90 0.90 0.90 0.50 0.62 0.45 0.43 0.43 0.43 0.25 0.50 0.90 0.90 0.90 0.90 0.90 0.90 0.90 0.90 0.90 0.90 
0.90 0.90 0.90 0.90 0.90 1.62 1.62 3.96 4.86 3.30 1.39 0.58 0.44 0.38 0.35 0.28 0.27 0.16 0.14 0.12 0.15 0.90 1.80 0.90 0.90 0.90 0.90 0.90 
0.90 0.90 0.90 0.90 3.78 9.19 6.72 5.98 3.60 1.46 1.02 0.66 0.43 0.34 0.29 0.26 0.27 0.27 0.30 0.28 0.30 0.51 3.28 2.60 0.90 0.90 0.90 0.90 
1.62 1.62 2.34 7.74 21.79 15.10 11.74 5.65 3.59 2.22 1.44 1.00 0.75 0.66 0.62 0.62 0.65 0.70 0.81 0.93 1.04 1.37 2.16 1.78 1.18 0.90 0.90 0.90 
1.62 2.52 7.92 21.61 18.20 15.28 7.03 4.36 3.13 1.90 1.31 0.99 0.91 0.92 0.97 1.06 1.06 1.03 1.09 1.17 1.29 1.69 2.06 2.93 1.73 0.90 0.90 0.90 
1.62 4.68 12.25 30.62 15.60 7.68 4.71 3.24 2.15 1.43 1.09 1.00 1.06 1.30 1.55 1.77 1.61 1.36 1.24 1.23 1.42 1.81 2.05 2.44 2.61 0.90 0.90 0.90 
0.90 4.14 12.61 33.86 10.94 4.17 3.22 2.08 1.42 0.96 0.90 0.90 1.12 1.73 2.74 2.43 1.72 1.32 1.18 1.13 1.29 1.59 1.60 1.97 1.50 0.90 0.90 0.90 
0.90 3.24 9.73 30.80 5.80 2.24 1.82 1.24 0.87 0.68 0.63 0.70 1.11 1.97 1.88 1.39 1.13 1.01 1.03 1.07 1.20 1.41 1.65 2.70 1.42 0.50 0.90 0.90 
0.90 1.80 7.74 8.04 3.24 1.48 1.12 0.72 0.56 0.47 0.44 0.53 0.63 0.69 0.59 0.65 0.77 0.88 0.98 0.98 1.19 1.35 2.24 2.97 1.17 0.50 0.90 0.90 
0.90 1.62 3.24 3.01 1.75 0.99 0.71 0.45 0.36 0.31 0.27 0.26 0.22 0.17 0.28 0.50 0.74 0.86 0.96 1.05 1.21 1.64 1.96 3.12 1.30 0.81 0.50 0.90 
0.90 0.90 1.62 1.43 1.36 0.76 0.54 0.36 0.28 0.20 0.14 0.12 0.12 0.14 0.29 0.59 0.80 0.87 1.00 1.11 1.35 1.67 2.08 3.80 4.68 1.53 0.50 0.90 
0.90 0.90 0.90 1.01 1.30 0.67 0.47 0.33 0.20 0.16 0.14 0.14 0.15 0.23 0.50 0.77 0.88 0.96 1.06 1.19 1.61 2.11 2.46 5.68 5.76 1.62 0.35 0.90 
0.90 0.90 0.90 0.97 1.45 0.92 0.53 0.35 0.26 0.20 0.18 0.20 0.25 0.45 0.80 0.91 0.95 1.00 1.08 1.30 1.65 1.81 2.77 6.70 3.96 0.90 0.50 0.90 
0.90 0.90 0.50 0.90 2.83 1.07 0.54 0.46 0.36 0.26 0.25 0.34 0.52 0.86 1.03 1.05 1.01 0.94 0.98 1.10 1.15 1.47 2.03 2.22 4.50 2.34 0.90 0.90 
0.90 0.90 1.30 1.17 2.07 0.67 0.61 0.47 0.44 0.34 0.43 0.67 1.05 1.22 1.16 1.10 0.98 0.88 0.89 0.74 0.85 1.09 0.70 0.76 1.40 0.90 0.90 0.90 
0.90 0.90 2.34 0.81 0.81 0.31 0.32 0.35 0.35 0.54 0.81 1.23 1.53 1.36 1.26 1.16 0.96 0.82 0.75 0.46 0.56 0.87 0.40 0.39 0.48 0.90 0.90 0.90 
0.90 0.90 0.90 0.45 0.45 0.32 0.29 0.59 0.79 1.09 1.66 1.90 1.54 1.38 1.27 1.11 0.96 0.75 0.58 0.37 0.42 0.48 0.31 0.20 0.24 0.90 0.90 0.90 
0.90 0.90 0.90 0.90 0.50 0.90 0.67 0.82 1.32 1.62 1.62 1.62 1.44 1.35 1.17 1.02 0.91 0.74 0.46 0.30 0.33 0.31 0.16 0.20 0.26 0.90 0.90 0.90 
0.90 0.90 0.90 0.90 1.62 1.90 0.98 1.12 1.48 1.62 1.69 1.45 1.32 1.24 1.14 1.06 0.91 0.64 0.39 0.25 0.28 0.30 0.31 0.20 0.26 0.90 0.90 0.90 
0.90 0.90 0.90 0.90 1.40 2.51 1.62 1.59 1.60 1.66 1.47 1.39 1.27 1.17 1.11 1.08 0.91 0.55 0.35 0.24 0.24 0.21 0.19 0.15 0.35 0.90 0.90 0.90 
0.90 0.90 0.90 0.90 1.18 1.70 1.82 1.84 1.86 1.73 1.44 1.30 1.26 1.19 1.19 1.05 0.91 0.61 0.37 0.25 0.26 0.23 0.20 0.13 0.50 0.90 0.90 0.90 
0.90 0.90 0.90 0.90 0.90 1.77 2.01 2.13 1.95 1.76 1.49 1.37 1.31 1.28 1.35 1.19 0.99 0.71 0.45 0.34 0.29 0.29 0.32 0.37 0.35 0.90 0.90 0.90 
0.90 0.90 0.90 0.50 0.58 1.55 3.49 3.95 3.47 3.25 3.18 3.13 2.79 2.66 2.49 2.64 1.97 1.52 1.14 1.16 0.90 0.85 0.85 0.90 0.90 0.90 0.90 0.90 
0.90 0.90 0.90 0.90 0.90 1.62 3.24 5.04 6.48 7.20 11.17 15.85 11.71 10.90 7.08 8.61 6.90 10.63 3.06 1.25 0.90 2.34 2.34 0.90 0.90 0.90 0.90 0.90 


Matrix 4 comparing class 8 with class 3
1.07 1.07 1.07 1.07 1.07 1.07 1.07 1.07 1.07 1.07 1.07 1.07 1.07 1.07 1.07 1.07 1.07 1.07 1.07 1.07 1.07 1.07 1.07 1.07 1.07 1.07 1.07 1.07 
1.07 1.07 1.07 1.07 1.07 1.07 1.07 1.07 1.07 1.07 1.07 1.07 1.07 1.07 1.07 1.07 1.07 1.07 1.07 1.07 1.07 1.07 1.07 1.07 1.07 1.07 1.07 1.07 
1.07 1.07 1.07 1.07 1.07 1.07 1.07 1.07 1.07 1.07 1.07 1.07 1.07 1.07 1.07 1.07 1.07 1.07 1.07 1.07 1.07 1.07 1.07 1.07 1.07 1.07 1.07 1.07 
1.07 1.07 1.07 1.07 1.07 0.59 0.53 0.53 0.38 0.23 0.34 0.19 0.23 0.25 0.27 0.32 0.37 0.40 0.63 0.50 0.69 0.59 1.07 1.07 1.07 1.07 1.07 1.07 
1.07 1.07 1.07 0.59 0.38 0.27 0.10 0.08 0.08 0.09 0.09 0.15 0.23 0.30 0.41 0.52 0.64 0.76 0.87 0.91 1.25 1.35 1.94 1.72 1.92 1.07 1.07 1.07 
1.07 1.07 1.07 0.24 0.10 0.04 0.05 0.05 0.08 0.19 0.29 0.45 0.56 0.69 0.84 0.96 1.09 1.22 1.28 1.33 1.51 1.92 2.77 4.84 11.52 3.63 2.77 1.07 
1.07 1.07 1.07 0.11 0.10 0.03 0.07 0.12 0.25 0.41 0.51 0.67 0.80 0.92 0.99 0.99 1.01 1.09 1.19 1.25 1.40 1.81 2.28 4.58 25.81 7.68 4.48 2.77 
1.07 0.59 1.07 0.10 0.07 0.09 0.15 0.33 0.47 0.68 0.84 0.99 1.08 1.16 1.10 1.00 0.96 0.94 1.00 1.07 1.25 1.77 2.53 4.00 37.55 11.52 5.76 2.99 
1.07 1.07 1.07 0.09 0.10 0.25 0.40 0.62 0.90 1.20 1.45 1.67 1.75 1.60 1.29 0.92 0.76 0.77 0.87 1.00 1.27 1.98 3.28 4.99 50.56 14.72 5.55 1.92 
1.07 1.07 0.59 0.14 0.39 0.53 0.76 1.11 1.65 2.25 2.74 2.88 2.39 1.71 1.04 0.60 0.56 0.65 0.85 1.13 1.56 2.39 4.13 8.43 50.56 14.93 1.92 1.07 
1.07 1.07 0.59 0.28 0.90 1.29 1.47 2.62 2.87 3.58 3.87 3.41 2.30 1.24 0.68 0.47 0.53 0.70 1.01 1.45 2.13 3.23 4.68 9.40 33.49 6.61 1.92 1.07 
1.07 1.07 1.07 0.59 1.48 2.90 3.02 4.01 3.73 3.05 2.64 1.97 1.36 0.90 0.54 0.53 0.67 0.94 1.32 1.82 2.47 4.05 6.88 9.16 14.29 5.55 1.92 1.92 
1.07 1.07 1.07 1.07 2.38 4.07 3.99 3.15 2.26 1.82 1.48 1.23 1.01 0.83 0.68 0.75 0.92 1.14 1.39 1.78 2.32 3.55 4.67 5.27 11.09 4.05 2.13 1.92 
1.07 1.07 1.07 0.59 1.81 3.70 2.80 1.65 1.26 1.02 0.91 0.96 1.01 0.95 0.91 0.97 1.07 1.04 1.02 1.00 1.10 1.47 3.03 4.92 7.25 3.63 1.07 1.07 
1.07 1.07 1.07 1.07 0.31 1.58 1.36 1.16 0.85 0.73 0.85 1.00 1.18 1.19 1.21 1.19 1.11 0.85 0.63 0.47 0.42 0.54 0.71 2.13 3.32 1.92 1.07 1.07 
1.07 1.07 1.07 0.59 0.30 0.68 0.99 0.85 0.77 0.93 1.21 1.53 1.74 1.80 1.72 1.55 1.11 0.72 0.46 0.29 0.30 0.28 0.39 1.02 3.09 1.07 0.59 1.07 
1.07 1.07 0.31 0.16 0.20 0.34 0.74 0.97 1.49 2.32 2.85 3.67 3.73 3.46 2.76 2.04 1.29 0.74 0.47 0.31 0.27 0.29 0.32 0.75 2.99 1.07 1.07 1.07 
1.07 1.07 0.24 0.07 0.09 0.17 0.51 1.46 2.72 5.22 9.18 9.66 8.32 6.55 3.99 2.06 1.31 0.82 0.50 0.35 0.31 0.33 0.41 0.70 2.77 1.07 1.07 1.07 
1.07 1.07 0.24 0.05 0.05 0.17 0.44 1.16 2.59 6.17 9.26 10.29 9.90 5.81 3.09 1.82 1.14 0.82 0.55 0.40 0.41 0.39 0.45 0.79 2.88 1.07 1.07 1.07 
1.07 1.07 0.16 0.03 0.03 0.19 0.39 0.90 1.82 3.55 4.94 5.20 3.75 2.36 1.62 1.17 0.91 0.73 0.60 0.49 0.44 0.45 0.46 0.87 2.35 1.07 1.07 1.07 
1.07 1.07 0.13 0.02 0.04 0.20 0.43 0.73 1.16 1.76 1.88 1.70 1.32 1.06 0.93 0.80 0.74 0.71 0.66 0.61 0.51 0.52 0.50 0.87 2.25 1.07 1.07 1.07 
1.07 1.07 0.13 0.03 0.05 0.25 0.40 0.62 0.85 1.01 1.06 1.04 0.96 0.91 0.84 0.75 0.73 0.73 0.73 0.70 0.60 0.59 0.78 1.38 3.20 1.07 1.07 1.07 
1.07 1.07 0.18 0.04 0.04 0.27 0.42 0.60 0.73 0.85 0.96 0.98 0.98 0.95 0.88 0.83 0.81 0.86 0.93 0.86 0.81 0.73 1.24 1.95 2.77 1.07 1.07 1.07 
1.07 1.07 0.41 0.08 0.03 0.31 0.47 0.61 0.72 0.80 0.92 1.01 1.06 1.05 1.02 1.00 1.02 1.15 1.20 1.09 1.04 1.43 2.84 1.54 1.92 1.07 1.07 1.07 
1.07 1.07 1.07 0.18 0.07 0.26 0.59 0.67 0.88 1.05 1.21 1.31 1.38 1.42 1.54 1.53 1.79 2.07 2.31 2.50 2.26 2.18 1.07 0.59 1.07 1.07 1.07 1.07 
1.07 1.07 1.07 0.59 0.30 0.30 0.12 0.25 0.29 0.31 0.45 0.55 0.74 0.83 1.24 1.87 2.00 1.78 1.23 1.98 1.07 0.53 0.59 1.07 1.07 1.07 1.07 1.07 
1.07 1.07 1.07 1.07 1.07 1.07 1.07 1.07 1.07 1.07 0.59 0.53 0.38 0.36 0.36 0.38 0.59 0.59 0.53 0.53 0.53 1.07 1.92 1.92 1.07 1.07 1.07 1.07 
1.07 1.07 1.07 1.07 1.07 1.07 1.07 1.07 1.07 1.07 1.07 1.07 1.07 1.07 1.07 1.07 1.07 1.07 1.07 1.07 1.07 1.07 1.07 1.07 1.07 1.07 1.07 1.07 


Log Matrix 1 comparing class 4 with class 9
-0.08 -0.08 -0.08 -0.08 -0.08 -0.08 -0.08 -0.08 -0.08 -0.08 -0.08 -0.08 -0.08 -0.08 -0.08 -0.08 -0.08 -0.08 -0.08 -0.08 -0.08 -0.08 -0.08 -0.08 -0.08 -0.08 -0.08 -0.08 
-0.08 -0.08 -0.08 -0.08 -0.08 -0.08 -0.08 -0.08 -0.08 -0.08 -0.08 -0.08 -0.08 -0.08 -0.08 -0.08 -0.08 -0.08 -0.08 -0.08 -0.08 -0.08 -0.08 -0.08 -0.08 -0.08 -0.08 -0.08 
-0.08 -0.08 -0.08 -0.08 -0.08 -0.08 -0.08 -0.08 -0.08 -0.08 -0.08 -0.08 -0.08 -0.08 -0.08 0.51 0.62 0.51 -0.08 -0.08 -0.08 -0.08 -0.08 -0.08 -0.08 -0.08 -0.08 -0.08 
-0.08 -0.08 -0.08 -0.08 -0.08 -0.08 -0.08 -0.08 -0.08 -0.08 -0.08 0.51 0.62 0.51 0.51 0.95 1.02 0.88 0.88 0.95 1.57 1.49 1.20 -0.08 -0.08 -0.08 -0.08 -0.08 
-0.08 -0.08 -0.08 -0.08 0.88 1.15 1.15 1.84 2.21 2.23 1.75 1.45 1.32 1.15 0.95 1.21 1.52 2.63 3.34 3.56 3.66 3.28 3.03 2.32 1.75 -0.08 -0.08 -0.08 
-0.08 -0.08 -0.08 -0.08 1.20 1.87 2.71 3.18 3.44 3.16 2.35 1.53 1.15 0.96 0.49 0.32 0.98 1.39 2.09 2.62 2.90 3.86 4.33 3.94 3.42 1.40 -0.08 -0.08 
-0.08 -0.08 -0.08 0.88 1.90 2.73 2.31 2.25 1.96 1.23 0.74 0.37 -0.23 -0.78 -1.34 -1.48 -1.12 -0.61 -0.06 0.44 0.99 1.71 3.49 3.69 3.68 2.30 0.51 -0.08 
-0.08 -0.08 -0.08 1.15 2.39 2.03 1.84 1.27 1.00 0.58 0.19 -0.26 -0.68 -1.08 -1.55 -1.68 -1.32 -0.88 -0.39 0.06 0.43 1.04 1.89 2.19 2.64 2.46 1.26 -0.08 
-0.08 -0.08 -0.08 1.40 1.52 1.47 0.86 0.61 0.43 0.12 -0.19 -0.52 -0.73 -1.04 -1.43 -1.49 -1.10 -0.69 -0.33 -0.05 0.25 0.65 1.09 1.92 2.25 1.95 0.95 -0.08 
-0.08 -0.08 -0.08 1.61 1.23 0.62 0.39 0.27 0.08 -0.14 -0.36 -0.47 -0.57 -0.76 -1.07 -0.99 -0.62 -0.31 -0.16 -0.01 0.19 0.45 0.76 1.25 1.81 1.84 0.51 -0.08 
-0.08 -0.08 -0.08 1.61 0.72 0.16 0.25 0.07 -0.03 -0.24 -0.23 -0.29 -0.30 -0.37 -0.55 -0.36 -0.17 -0.10 -0.07 -0.04 0.05 0.20 0.34 0.65 0.59 0.88 -0.08 -0.08 
-0.08 -0.08 0.62 1.87 0.55 0.01 0.12 0.10 -0.04 -0.10 -0.09 -0.10 0.12 0.06 -0.37 -0.31 -0.14 -0.11 -0.07 -0.06 -0.03 -0.01 0.24 0.73 0.65 -0.67 -0.08 -0.08 
-0.08 0.51 0.62 0.68 0.40 0.15 0.16 0.10 0.03 0.02 -0.01 0.11 0.05 -0.31 -0.60 -0.53 -0.24 -0.13 -0.05 -0.08 -0.01 -0.00 0.62 1.09 1.28 -0.08 -0.08 -0.08 
-0.08 0.62 0.62 0.01 0.26 0.35 0.45 0.23 0.16 0.12 0.07 0.08 -0.20 -0.45 -0.56 -0.42 -0.17 -0.08 -0.00 0.06 0.26 0.60 1.07 2.16 1.87 -0.18 -0.67 -0.08 
-0.08 0.51 0.62 0.47 0.53 0.71 0.75 0.45 0.30 0.23 0.16 0.09 -0.08 -0.19 -0.27 -0.17 -0.06 -0.02 0.08 0.29 0.69 1.03 1.55 2.20 2.64 -0.18 -0.67 -0.08 
-0.08 -0.08 0.51 0.78 0.77 0.92 1.01 0.70 0.45 0.35 0.26 0.23 0.18 0.14 0.08 0.03 0.01 0.06 0.21 0.54 0.88 1.41 1.63 2.39 2.32 -0.18 -0.44 -0.08 
-0.08 -0.08 -0.08 0.73 1.19 1.37 1.24 0.95 0.66 0.48 0.35 0.33 0.30 0.28 0.21 0.07 0.05 0.13 0.33 0.65 1.00 1.28 1.70 2.47 2.26 -0.08 0.03 -0.08 
-0.08 -0.08 -0.67 -0.44 1.36 1.62 1.36 1.16 0.89 0.59 0.41 0.38 0.33 0.23 0.09 0.01 0.04 0.12 0.30 0.51 0.77 1.27 1.26 1.23 2.00 0.88 0.62 -0.08 
-0.08 -0.08 -0.67 -0.77 0.99 1.64 1.57 1.25 0.85 0.57 0.38 0.29 0.20 0.08 -0.06 -0.04 -0.03 0.08 0.11 0.23 0.50 0.97 0.51 0.10 0.03 -0.08 0.51 -0.08 
-0.08 -0.08 -0.08 -0.77 -0.08 0.87 1.22 0.72 0.46 0.33 -0.05 -0.12 0.01 -0.11 -0.11 -0.06 0.00 0.10 0.13 0.16 0.28 0.88 0.30 -0.12 -0.61 -0.08 -0.08 -0.08 
-0.08 -0.08 -0.08 -0.77 -0.18 0.50 0.17 0.23 0.37 -0.21 -0.20 -0.04 -0.18 -0.16 -0.12 -0.08 0.06 0.09 0.15 0.19 0.26 0.63 0.44 0.08 -0.72 -0.08 -0.08 -0.08 
-0.08 -0.08 -0.08 -0.08 -0.67 -1.03 -0.95 -0.79 -0.53 -0.66 -0.44 -0.32 -0.25 -0.19 -0.18 -0.11 0.05 0.14 0.13 0.26 0.26 0.44 0.55 0.48 -0.27 0.51 -0.08 -0.08 
-0.08 -0.08 -0.08 -0.08 -0.08 -0.08 -1.27 -0.76 -0.97 -0.72 -0.43 -0.37 -0.29 -0.21 -0.17 -0.06 0.08 0.18 0.14 0.20 0.12 0.30 0.60 0.64 0.03 0.62 -0.08 -0.08 
-0.08 -0.08 -0.08 -0.08 -0.67 -0.52 -0.70 -1.27 -1.08 -0.66 -0.58 -0.42 -0.33 -0.20 -0.18 -0.03 0.05 0.14 0.08 0.12 0.02 0.10 0.15 0.21 0.19 -0.08 -0.08 -0.08 
-0.08 -0.08 -0.08 -0.08 -1.03 -1.80 -1.35 -1.78 -1.42 -0.92 -0.86 -0.71 -0.61 -0.49 -0.35 -0.34 -0.26 -0.21 -0.30 -0.26 -0.36 -0.63 -0.48 -0.20 0.29 -0.08 -0.08 -0.08 
-0.08 -0.08 -0.08 -0.08 -0.67 -1.90 -2.79 -2.57 -2.38 -1.80 -2.01 -2.20 -2.05 -1.60 -1.17 -1.06 -1.19 -1.50 -1.86 -1.57 -1.51 -1.80 -1.52 -0.60 -0.44 -0.08 -0.08 -0.08 
-0.08 -0.08 -0.08 -0.67 -1.11 -1.36 -1.90 -2.51 -2.51 -2.79 -3.58 -3.66 -3.69 -3.06 -3.69 -2.96 -2.53 -2.39 -2.14 -2.01 -2.38 -2.05 -1.41 -0.67 -0.08 -0.08 -0.08 -0.08 
-0.08 -0.08 -0.08 -0.08 -0.08 -0.08 -0.08 -0.08 -0.08 -0.08 -0.08 -0.08 -0.67 -0.77 -1.11 -0.67 -0.67 -0.08 -0.77 -1.03 -0.67 -0.08 -0.08 -0.08 -0.08 -0.08 -0.08 -0.08 


Log Matrix 2 comparing class 5 with class 3
0.13 0.13 0.13 0.13 0.13 0.13 0.13 0.13 0.13 0.13 0.13 0.13 0.13 0.13 0.13 0.13 0.13 0.13 0.13 0.13 0.13 0.13 0.13 0.13 0.13 0.13 0.13 0.13 
0.13 0.13 0.13 0.13 0.13 0.13 0.13 0.13 0.13 0.13 0.13 0.13 0.13 0.13 0.13 0.13 0.13 0.13 0.13 0.13 0.13 0.13 0.13 0.13 0.13 0.13 0.13 0.13 
0.13 0.13 0.13 0.13 0.13 0.13 0.13 0.13 0.13 0.13 0.13 0.13 0.13 0.13 0.13 0.13 0.13 0.13 0.13 0.13 0.13 0.13 0.13 0.13 0.13 0.13 0.13 0.13 
0.13 0.13 0.13 0.13 0.13 -0.46 -0.57 -0.57 -0.90 -1.40 -1.60 -1.22 -0.94 -0.82 -0.55 -0.33 -0.38 -0.63 -0.39 0.13 0.89 1.51 2.10 1.78 1.35 0.13 0.13 0.13 
0.13 0.13 0.13 -0.46 -0.90 -1.82 -2.20 -2.44 -1.65 -1.46 -1.56 -1.36 -1.37 -1.17 -1.09 -0.90 -0.71 -0.46 -0.14 0.17 0.88 1.58 2.54 2.86 3.14 1.56 0.13 0.13 
0.13 0.13 0.13 -1.35 -2.29 -3.08 -2.07 -1.47 -1.34 -1.32 -1.26 -1.08 -0.94 -0.84 -0.74 -0.63 -0.50 -0.30 -0.11 0.17 0.56 1.08 1.90 2.89 4.12 3.01 1.35 0.13 
0.13 0.13 0.13 -2.11 -2.88 -2.57 -1.87 -1.57 -1.26 -1.09 -0.96 -0.77 -0.68 -0.55 -0.47 -0.42 -0.37 -0.29 -0.11 0.09 0.39 0.84 1.35 2.56 4.73 4.02 2.28 0.71 
0.13 -0.46 0.13 -2.25 -3.12 -1.94 -1.69 -1.31 -1.00 -0.77 -0.54 -0.37 -0.20 -0.09 -0.11 -0.14 -0.15 -0.20 -0.19 -0.04 0.23 0.73 1.29 2.20 4.95 4.43 2.92 0.71 
0.13 0.13 0.13 -2.37 -2.65 -1.63 -1.42 -0.78 -0.41 -0.24 -0.01 0.32 0.44 0.50 0.41 0.16 -0.08 -0.20 -0.22 -0.18 0.09 0.59 1.23 2.06 4.83 4.34 2.91 1.08 
0.13 0.13 -0.46 -1.93 -1.40 -1.27 -0.92 -0.13 0.27 0.56 0.80 1.01 0.94 0.81 0.46 -0.04 -0.40 -0.56 -0.60 -0.47 -0.29 0.18 0.91 1.99 4.34 3.79 2.25 0.71 
0.13 0.13 -0.46 -1.21 -0.62 -0.74 -0.03 0.78 1.12 1.29 1.39 1.32 1.02 0.58 0.05 -0.44 -0.86 -1.01 -1.02 -0.98 -0.70 -0.26 0.26 1.28 3.30 2.75 1.16 0.13 
0.13 0.13 0.13 -0.46 0.21 0.22 1.02 1.50 1.62 1.43 1.19 0.85 0.43 0.01 -0.42 -0.75 -0.98 -1.16 -1.23 -1.23 -1.24 -0.87 -0.25 0.59 2.04 1.61 0.71 0.13 
0.13 0.13 0.13 0.13 0.61 0.95 1.69 1.71 1.46 1.15 0.79 0.40 0.06 -0.26 -0.55 -0.73 -0.83 -0.86 -0.77 -0.72 -0.56 -0.16 -0.22 0.82 0.71 0.71 0.13 0.13 
0.13 0.13 0.13 -0.46 0.65 1.45 1.69 1.31 1.11 0.82 0.46 0.19 -0.08 -0.26 -0.42 -0.50 -0.58 -0.58 -0.45 -0.35 -0.11 0.06 0.45 0.51 1.08 0.13 0.13 0.13 
0.13 0.13 0.13 0.13 0.18 1.05 1.35 1.27 0.90 0.60 0.36 0.10 -0.06 -0.18 -0.26 -0.35 -0.37 -0.43 -0.38 -0.27 -0.16 0.12 -0.01 0.68 0.87 0.13 0.13 0.13 
0.13 0.13 0.13 0.49 0.49 0.90 1.12 0.90 0.75 0.50 0.31 0.11 0.01 -0.06 -0.10 -0.16 -0.29 -0.34 -0.41 -0.34 -0.19 -0.12 0.11 0.22 0.82 0.71 -0.46 0.13 
0.13 0.13 -1.10 -0.76 0.28 0.14 0.68 0.64 0.60 0.53 0.37 0.36 0.29 0.29 0.25 0.12 -0.12 -0.26 -0.37 -0.39 -0.29 -0.19 -0.05 0.35 0.96 0.71 0.13 0.13 
0.13 0.13 -1.35 -1.65 -0.80 -0.06 0.57 0.59 0.42 0.34 0.63 0.58 0.63 0.80 0.60 0.26 0.03 -0.17 -0.32 -0.39 -0.26 -0.15 -0.09 0.28 0.82 0.82 0.13 0.13 
0.13 0.13 -0.77 -2.44 -1.15 -0.13 0.31 0.39 0.32 0.45 0.42 0.48 0.83 0.92 0.68 0.29 0.04 -0.11 -0.22 -0.37 -0.26 -0.21 -0.18 0.35 0.77 0.71 0.13 0.13 
0.13 0.13 -0.69 -2.09 -1.43 -0.40 0.10 0.30 0.40 0.56 0.60 0.77 0.81 0.66 0.43 0.13 -0.07 -0.15 -0.21 -0.30 -0.32 -0.22 -0.17 0.33 0.96 0.71 0.13 0.13 
0.13 0.13 -0.92 -2.37 -1.75 -0.65 -0.08 0.10 0.18 0.28 0.37 0.36 0.32 0.20 0.01 -0.09 -0.19 -0.22 -0.25 -0.27 -0.32 -0.32 -0.42 0.36 1.33 0.13 0.13 0.13 
0.13 0.13 -1.95 -2.85 -1.88 -0.76 -0.33 -0.10 -0.04 0.05 0.06 0.08 0.03 -0.06 -0.15 -0.21 -0.23 -0.22 -0.24 -0.26 -0.27 -0.32 -0.11 0.62 1.61 0.13 0.13 0.13 
0.13 0.13 -1.67 -3.07 -2.26 -1.18 -0.58 -0.36 -0.26 -0.16 -0.11 -0.14 -0.19 -0.19 -0.22 -0.24 -0.21 -0.21 -0.15 -0.26 -0.25 -0.21 0.11 0.98 1.08 0.13 0.13 0.13 
0.13 0.13 -0.83 -2.53 -2.33 -1.76 -0.83 -0.60 -0.50 -0.40 -0.31 -0.27 -0.27 -0.28 -0.22 -0.17 -0.20 -0.12 -0.14 -0.19 -0.01 0.38 0.95 0.82 0.71 0.13 0.13 0.13 
0.13 0.13 0.13 -1.63 -1.68 -1.86 -1.04 -0.87 -0.54 -0.37 -0.26 -0.20 -0.15 -0.13 -0.01 -0.05 0.03 0.15 0.29 0.34 0.71 0.60 0.58 0.13 0.13 0.13 0.13 0.13 
0.13 0.13 0.13 -0.46 -1.15 -0.57 -0.77 -0.42 -0.21 0.09 0.28 0.10 0.09 -0.04 0.18 0.36 0.58 0.67 -0.04 -0.32 -0.90 -0.57 -0.46 0.13 0.13 0.13 0.13 0.13 
0.13 0.13 0.13 0.13 0.13 0.13 0.71 0.71 1.08 1.08 0.82 0.71 0.53 0.25 -0.38 -0.21 0.23 0.23 0.02 -0.57 -0.57 -0.46 0.13 0.13 0.13 0.13 0.13 0.13 
0.13 0.13 0.13 0.13 0.13 0.13 0.13 0.13 0.13 0.13 0.13 0.13 0.13 0.13 0.13 0.13 0.13 0.13 0.13 0.13 0.13 0.13 0.13 0.13 0.13 0.13 0.13 0.13 


Log Matrix 3 comparing class 7 with class 9
-0.10 -0.10 -0.10 -0.10 -0.10 -0.10 -0.10 -0.10 -0.10 -0.10 -0.10 -0.10 -0.10 -0.10 -0.10 -0.10 -0.10 -0.10 -0.10 -0.10 -0.10 -0.10 -0.10 -0.10 -0.10 -0.10 -0.10 -0.10 
-0.10 -0.10 -0.10 -0.10 -0.10 -0.10 -0.10 -0.10 -0.10 -0.10 -0.10 -0.10 -0.10 -0.10 -0.10 -0.10 -0.10 -0.10 -0.10 -0.10 -0.10 -0.10 -0.10 -0.10 -0.10 -0.10 -0.10 -0.10 
-0.10 -0.10 -0.10 -0.10 -0.10 -0.10 -0.10 -0.10 -0.10 -0.10 -0.10 -0.10 -0.10 -0.10 -0.10 -0.10 -0.10 -0.10 -0.10 -0.10 -0.10 -0.10 -0.10 -0.10 -0.10 -0.10 -0.10 -0.10 
-0.10 -0.10 -0.10 -0.10 -0.10 -0.10 -0.10 -0.10 -0.10 -0.10 -0.10 -0.10 -0.10 -0.10 -0.10 -0.10 -0.10 -0.10 -0.10 -0.10 -0.10 -0.10 -0.10 -0.10 -0.10 -0.10 -0.10 -0.10 
-0.10 -0.10 -0.10 -0.10 -0.10 -0.10 -0.10 -0.10 -0.10 -0.10 -0.69 -0.47 -0.80 -0.85 -0.85 -0.85 -1.39 -0.69 -0.10 -0.10 -0.10 -0.10 -0.10 -0.10 -0.10 -0.10 -0.10 -0.10 
-0.10 -0.10 -0.10 -0.10 -0.10 0.48 0.48 1.38 1.58 1.19 0.33 -0.54 -0.82 -0.98 -1.06 -1.26 -1.32 -1.81 -1.99 -2.16 -1.90 -0.10 0.59 -0.10 -0.10 -0.10 -0.10 -0.10 
-0.10 -0.10 -0.10 -0.10 1.33 2.22 1.91 1.79 1.28 0.38 0.02 -0.42 -0.86 -1.07 -1.24 -1.33 -1.32 -1.32 -1.19 -1.29 -1.22 -0.67 1.19 0.96 -0.10 -0.10 -0.10 -0.10 
0.48 0.48 0.85 2.05 3.08 2.71 2.46 1.73 1.28 0.80 0.36 0.00 -0.29 -0.41 -0.48 -0.48 -0.43 -0.35 -0.21 -0.07 0.04 0.31 0.77 0.57 0.16 -0.10 -0.10 -0.10 
0.48 0.92 2.07 3.07 2.90 2.73 1.95 1.47 1.14 0.64 0.27 -0.01 -0.09 -0.08 -0.03 0.06 0.06 0.03 0.09 0.16 0.25 0.53 0.72 1.08 0.55 -0.10 -0.10 -0.10 
0.48 1.54 2.51 3.42 2.75 2.04 1.55 1.18 0.77 0.36 0.08 0.00 0.05 0.26 0.44 0.57 0.47 0.30 0.21 0.21 0.35 0.59 0.72 0.89 0.96 -0.10 -0.10 -0.10 
-0.10 1.42 2.53 3.52 2.39 1.43 1.17 0.73 0.35 -0.04 -0.11 -0.11 0.11 0.55 1.01 0.89 0.54 0.28 0.16 0.12 0.25 0.47 0.47 0.68 0.41 -0.10 -0.10 -0.10 
-0.10 1.18 2.27 3.43 1.76 0.81 0.60 0.22 -0.14 -0.38 -0.45 -0.35 0.10 0.68 0.63 0.33 0.12 0.01 0.03 0.06 0.18 0.35 0.50 0.99 0.35 -0.69 -0.10 -0.10 
-0.10 0.59 2.05 2.08 1.18 0.39 0.11 -0.33 -0.57 -0.77 -0.81 -0.63 -0.46 -0.37 -0.53 -0.43 -0.26 -0.13 -0.02 -0.02 0.18 0.30 0.81 1.09 0.16 -0.69 -0.10 -0.10 
-0.10 0.48 1.18 1.10 0.56 -0.01 -0.34 -0.79 -1.02 -1.18 -1.31 -1.36 -1.51 -1.76 -1.28 -0.69 -0.29 -0.15 -0.04 0.05 0.19 0.50 0.67 1.14 0.26 -0.21 -0.69 -0.10 
-0.10 -0.10 0.48 0.36 0.31 -0.28 -0.61 -1.01 -1.29 -1.63 -1.96 -2.09 -2.16 -1.94 -1.24 -0.53 -0.23 -0.14 -0.00 0.10 0.30 0.51 0.73 1.34 1.54 0.43 -0.69 -0.10 
-0.10 -0.10 -0.10 0.01 0.27 -0.40 -0.75 -1.10 -1.59 -1.81 -1.98 -2.00 -1.87 -1.46 -0.70 -0.27 -0.13 -0.05 0.05 0.17 0.48 0.75 0.90 1.74 1.75 0.48 -1.06 -0.10 
-0.10 -0.10 -0.10 -0.03 0.37 -0.08 -0.63 -1.05 -1.35 -1.60 -1.73 -1.60 -1.40 -0.80 -0.22 -0.09 -0.05 0.00 0.08 0.27 0.50 0.59 1.02 1.90 1.38 -0.10 -0.69 -0.10 
-0.10 -0.10 -0.69 -0.10 1.04 0.07 -0.61 -0.77 -1.02 -1.36 -1.37 -1.08 -0.66 -0.15 0.03 0.05 0.01 -0.06 -0.02 0.09 0.14 0.38 0.71 0.80 1.50 0.85 -0.10 -0.10 
-0.10 -0.10 0.26 0.16 0.73 -0.40 -0.49 -0.75 -0.82 -1.09 -0.85 -0.41 0.05 0.20 0.14 0.10 -0.02 -0.13 -0.12 -0.30 -0.17 0.08 -0.35 -0.27 0.34 -0.10 -0.10 -0.10 
-0.10 -0.10 0.85 -0.21 -0.21 -1.17 -1.15 -1.05 -1.05 -0.62 -0.21 0.21 0.43 0.31 0.23 0.15 -0.04 -0.19 -0.28 -0.78 -0.57 -0.14 -0.93 -0.94 -0.74 -0.10 -0.10 -0.10 
-0.10 -0.10 -0.10 -0.80 -0.80 -1.13 -1.23 -0.52 -0.24 0.09 0.51 0.64 0.43 0.32 0.24 0.11 -0.04 -0.29 -0.54 -0.98 -0.86 -0.73 -1.18 -1.63 -1.44 -0.10 -0.10 -0.10 
-0.10 -0.10 -0.10 -0.10 -0.69 -0.10 -0.40 -0.20 0.28 0.48 0.48 0.48 0.36 0.30 0.16 0.02 -0.10 -0.30 -0.79 -1.20 -1.11 -1.19 -1.82 -1.63 -1.33 -0.10 -0.10 -0.10 
-0.10 -0.10 -0.10 -0.10 0.48 0.64 -0.02 0.11 0.39 0.48 0.52 0.37 0.28 0.22 0.13 0.06 -0.09 -0.44 -0.93 -1.40 -1.27 -1.21 -1.16 -1.59 -1.33 -0.10 -0.10 -0.10 
-0.10 -0.10 -0.10 -0.10 0.34 0.92 0.48 0.47 0.47 0.51 0.39 0.33 0.24 0.16 0.11 0.07 -0.09 -0.59 -1.05 -1.42 -1.41 -1.54 -1.68 -1.90 -1.06 -0.10 -0.10 -0.10 
-0.10 -0.10 -0.10 -0.10 0.16 0.53 0.60 0.61 0.62 0.55 0.37 0.26 0.23 0.17 0.17 0.05 -0.10 -0.49 -0.98 -1.38 -1.33 -1.46 -1.60 -2.05 -0.69 -0.10 -0.10 -0.10 
-0.10 -0.10 -0.10 -0.10 -0.10 0.57 0.70 0.76 0.67 0.56 0.40 0.32 0.27 0.25 0.30 0.18 -0.01 -0.34 -0.81 -1.09 -1.23 -1.24 -1.14 -1.00 -1.06 -0.10 -0.10 -0.10 
-0.10 -0.10 -0.10 -0.69 -0.55 0.44 1.25 1.37 1.24 1.18 1.16 1.14 1.03 0.98 0.91 0.97 0.68 0.42 0.13 0.15 -0.10 -0.16 -0.16 -0.10 -0.10 -0.10 -0.10 -0.10 
-0.10 -0.10 -0.10 -0.10 -0.10 0.48 1.18 1.62 1.87 1.97 2.41 2.76 2.46 2.39 1.96 2.15 1.93 2.36 1.12 0.22 -0.10 0.85 0.85 -0.10 -0.10 -0.10 -0.10 -0.10 


Log Matrix 4 comparing class 8 with class 3
0.06 0.06 0.06 0.06 0.06 0.06 0.06 0.06 0.06 0.06 0.06 0.06 0.06 0.06 0.06 0.06 0.06 0.06 0.06 0.06 0.06 0.06 0.06 0.06 0.06 0.06 0.06 0.06 
0.06 0.06 0.06 0.06 0.06 0.06 0.06 0.06 0.06 0.06 0.06 0.06 0.06 0.06 0.06 0.06 0.06 0.06 0.06 0.06 0.06 0.06 0.06 0.06 0.06 0.06 0.06 0.06 
0.06 0.06 0.06 0.06 0.06 0.06 0.06 0.06 0.06 0.06 0.06 0.06 0.06 0.06 0.06 0.06 0.06 0.06 0.06 0.06 0.06 0.06 0.06 0.06 0.06 0.06 0.06 0.06 
0.06 0.06 0.06 0.06 0.06 -0.52 -0.63 -0.63 -0.97 -1.46 -1.07 -1.65 -1.48 -1.39 -1.31 -1.15 -1.01 -0.92 -0.46 -0.70 -0.38 -0.52 0.06 0.06 0.06 0.06 0.06 0.06 
0.06 0.06 0.06 -0.52 -0.97 -1.29 -2.26 -2.50 -2.51 -2.44 -2.38 -1.90 -1.48 -1.20 -0.89 -0.65 -0.45 -0.28 -0.14 -0.10 0.23 0.30 0.66 0.54 0.65 0.06 0.06 0.06 
0.06 0.06 0.06 -1.42 -2.35 -3.14 -3.03 -2.92 -2.50 -1.65 -1.25 -0.81 -0.59 -0.37 -0.18 -0.04 0.08 0.20 0.24 0.28 0.41 0.65 1.02 1.58 2.44 1.29 1.02 0.06 
0.06 0.06 0.06 -2.18 -2.35 -3.59 -2.72 -2.12 -1.39 -0.90 -0.67 -0.40 -0.23 -0.08 -0.01 -0.01 0.01 0.08 0.18 0.23 0.34 0.59 0.82 1.52 3.25 2.04 1.50 1.02 
0.06 -0.52 0.06 -2.32 -2.60 -2.39 -1.93 -1.11 -0.75 -0.39 -0.17 -0.01 0.08 0.15 0.09 0.00 -0.04 -0.06 -0.00 0.06 0.22 0.57 0.93 1.39 3.63 2.44 1.75 1.09 
0.06 0.06 0.06 -2.44 -2.35 -1.40 -0.92 -0.47 -0.11 0.18 0.37 0.52 0.56 0.47 0.26 -0.09 -0.28 -0.26 -0.14 -0.00 0.24 0.68 1.19 1.61 3.92 2.69 1.71 0.65 
0.06 0.06 -0.52 -1.99 -0.95 -0.63 -0.28 0.10 0.50 0.81 1.01 1.06 0.87 0.54 0.04 -0.51 -0.58 -0.43 -0.16 0.12 0.44 0.87 1.42 2.13 3.92 2.70 0.65 0.06 
0.06 0.06 -0.52 -1.27 -0.11 0.25 0.39 0.96 1.05 1.28 1.35 1.23 0.83 0.22 -0.39 -0.76 -0.63 -0.35 0.01 0.37 0.76 1.17 1.54 2.24 3.51 1.89 0.65 0.06 
0.06 0.06 0.06 -0.52 0.39 1.06 1.11 1.39 1.32 1.12 0.97 0.68 0.31 -0.10 -0.61 -0.64 -0.40 -0.06 0.28 0.60 0.90 1.40 1.93 2.22 2.66 1.71 0.65 0.65 
0.06 0.06 0.06 0.06 0.87 1.40 1.38 1.15 0.81 0.60 0.39 0.21 0.01 -0.19 -0.39 -0.28 -0.08 0.13 0.33 0.58 0.84 1.27 1.54 1.66 2.41 1.40 0.76 0.65 
0.06 0.06 0.06 -0.52 0.59 1.31 1.03 0.50 0.23 0.02 -0.09 -0.04 0.01 -0.05 -0.09 -0.03 0.06 0.04 0.02 -0.00 0.10 0.39 1.11 1.59 1.98 1.29 0.06 0.06 
0.06 0.06 0.06 0.06 -1.16 0.46 0.31 0.15 -0.16 -0.31 -0.17 -0.00 0.16 0.17 0.19 0.18 0.10 -0.16 -0.46 -0.75 -0.87 -0.61 -0.34 0.76 1.20 0.65 0.06 0.06 
0.06 0.06 0.06 -0.52 -1.22 -0.38 -0.01 -0.17 -0.26 -0.08 0.19 0.42 0.56 0.59 0.54 0.44 0.11 -0.33 -0.79 -1.22 -1.21 -1.27 -0.95 0.02 1.13 0.06 -0.52 0.06 
0.06 0.06 -1.16 -1.85 -1.61 -1.07 -0.31 -0.03 0.40 0.84 1.05 1.30 1.32 1.24 1.01 0.71 0.25 -0.31 -0.76 -1.16 -1.31 -1.22 -1.15 -0.29 1.09 0.06 0.06 0.06 
0.06 0.06 -1.42 -2.67 -2.44 -1.75 -0.68 0.38 1.00 1.65 2.22 2.27 2.12 1.88 1.38 0.72 0.27 -0.20 -0.69 -1.04 -1.18 -1.09 -0.90 -0.36 1.02 0.06 0.06 0.06 
0.06 0.06 -1.42 -3.09 -3.05 -1.76 -0.82 0.14 0.95 1.82 2.23 2.33 2.29 1.76 1.13 0.60 0.13 -0.19 -0.59 -0.92 -0.90 -0.93 -0.80 -0.23 1.06 0.06 0.06 0.06 
0.06 0.06 -1.85 -3.49 -3.43 -1.65 -0.93 -0.10 0.60 1.27 1.60 1.65 1.32 0.86 0.48 0.15 -0.09 -0.31 -0.51 -0.71 -0.83 -0.79 -0.77 -0.14 0.85 0.06 0.06 0.06 
0.06 0.06 -2.01 -3.71 -3.34 -1.63 -0.85 -0.31 0.15 0.57 0.63 0.53 0.27 0.06 -0.08 -0.22 -0.30 -0.34 -0.42 -0.49 -0.66 -0.65 -0.68 -0.14 0.81 0.06 0.06 0.06 
0.06 0.06 -2.01 -3.50 -3.02 -1.39 -0.92 -0.48 -0.16 0.01 0.06 0.04 -0.04 -0.09 -0.18 -0.29 -0.31 -0.31 -0.31 -0.35 -0.51 -0.53 -0.25 0.32 1.16 0.06 0.06 0.06 
0.06 0.06 -1.73 -3.13 -3.13 -1.30 -0.87 -0.51 -0.31 -0.16 -0.04 -0.02 -0.02 -0.05 -0.12 -0.19 -0.21 -0.15 -0.08 -0.15 -0.22 -0.31 0.21 0.67 1.02 0.06 0.06 0.06 
0.06 0.06 -0.89 -2.59 -3.61 -1.18 -0.76 -0.50 -0.33 -0.22 -0.08 0.01 0.06 0.05 0.02 0.00 0.02 0.14 0.19 0.09 0.04 0.36 1.05 0.43 0.65 0.06 0.06 0.06 
0.06 0.06 0.06 -1.69 -2.70 -1.37 -0.52 -0.39 -0.12 0.05 0.19 0.27 0.32 0.35 0.43 0.43 0.58 0.73 0.84 0.92 0.81 0.78 0.06 -0.52 0.06 0.06 0.06 0.06 
0.06 0.06 0.06 -0.52 -1.22 -1.22 -2.11 -1.41 -1.23 -1.17 -0.79 -0.59 -0.30 -0.18 0.21 0.63 0.69 0.58 0.21 0.68 0.06 -0.63 -0.52 0.06 0.06 0.06 0.06 0.06 
0.06 0.06 0.06 0.06 0.06 0.06 0.06 0.06 0.06 0.06 -0.52 -0.63 -0.97 -1.03 -1.03 -0.97 -0.52 -0.52 -0.63 -0.63 -0.63 0.06 0.65 0.65 0.06 0.06 0.06 0.06 
0.06 0.06 0.06 0.06 0.06 0.06 0.06 0.06 0.06 0.06 0.06 0.06 0.06 0.06 0.06 0.06 0.06 0.06 0.06 0.06 0.06 0.06 0.06 0.06 0.06 0.06 0.06 0.06 


Matrix 1 comparing class 4 with class 9

----------------------------
----------------------------
---------------+++----------
-----------++++     ++ -----
----   ++++++   +++++++++---
---- +++++++  ++ +++++++++--
--- +++++  +-------+ ++++++-
--- +++  ++--------++ ++++ -
---+++ +++----------++ +++ -
---+ ++++-----------++  +++-
---+ +++------------+++++ --
--++++++----++--------+ +---
-+++++++++-++---------+  ---
-+++++++++++-------+++ ++---
-++++  +++++------+++ +++---
--+     ++++++++++++ ++++---
---  +  ++++++++++++  +++-+-
----+++  +++++++++++    + +-
---- ++  +++++---++++ +++-+-
-----   ++--+---+++++ +-----
-----++++-------++++++++----
----------------++++++++-+--
----------------++++++++++--
----------------+++++++++---
------------------------+---
----------------------------
----------------------------
----------------------------


Matrix 2 comparing class 5 with class 3

++++++++++++++++++++++++++++
++++++++++++++++++++++++++++
++++++++++++++++++++++++++++
+++++--------------+ +++++++
+++----------------+ +++++++
+++----------------++ ++++++
+++----------------++ +++++ 
+-+-----------------+  ++++ 
+++--------+++++----++ ++++ 
++------++    +------+ ++++ 
++-----   ++ ++-------+ ++ +
+++-++ +++  ++---------+++ +
+++++ +++  ++----------   ++
+++-++++  ++---------+++ +++
+++++ +  +++---------+-+ +++
+++++    ++++---------++  -+
++--++++++++++++-------+  ++
++----+++++++ +++------+  ++
++----++++++  +++------+  ++
++----+++++  +++-------+  ++
++-----++++++++--------+++++
++-------++++----------+++++
++--------------------+  +++
++-------------------+   +++
+++-------------++++ +++++++
+++------++++-++++-----+++++
++++++      ++--+++---++++++
++++++++++++++++++++++++++++


Matrix 3 comparing class 7 with class 9

----------------------------
----------------------------
----------------------------
----------------------------
----------------------------
-----++++ +-----------+-----
----++++ ++-----------  ----
++ +++++  ++--------++ ++---
+ ++++++ ++----+++++++  +---
+++++++  +++++++++++++   ---
-+++++  +---++  +++++++++---
- +++ ++----+++++++++++ +---
-+++ ++-------------++  +---
-+  +--------------++++ +---
--+++--------------+++ +++--
---++-------------+++  +++--
----+------------+++++ ++---
---- +--------+++--+++  + --
--++ -------++++-----+--+---
-- --------+++++------------
---------+++++++------------
--------++++++++------------
----++-+++++++++------------
----+ ++++++++++------------
----++++++++++++------------
-----++ ++++++++------------
-----+ +        ++++--------
-----+ +++++++++++ +-  -----


Matrix 4 comparing class 8 with class 3

++++++++++++++++++++++++++++
++++++++++++++++++++++++++++
++++++++++++++++++++++++++++
+++++-----------------++++++
+++-----------------++++++++
+++-------------++++++ ++  +
+++-------------++++++ ++++ 
+-+---------++++---+++ ++++ 
+++------++++++-----++ +++++
++-----++    ++----++ ++++++
++---++   +  +----++  ++++++
+++-+  ++  ++-----++ +++++++
++++ ++  ++++----+++  ++++ +
+++-++ +++--+---+++-++ ++ ++
++++-+++----+++++------  +++
+++-------+++++++------+ +-+
++------+  ++   +------- +++
++-----+ ++++++ +------- +++
++-----+ +++++ ++------- +++
++------+ +++ ++-------- +++
++------++++++---------- +++
++-------+++-----------+ +++
++--------------------++ +++
++---------+++++++++++ +++++
+++------++++++++     +-++++
+++-----------+++++++--+++++
++++++++++-----------+++++++
++++++++++++++++++++++++++++


